   0.01000   0.50500
   0.02000   0.56000
   0.03000   0.61500
   0.04000   0.67000
   0.05000   0.72500
   0.06000   0.78000
   0.07000   0.83500
   0.08000   0.89000
   0.09000   0.94500
   0.10000   1.00000
   0.40000   1.00000
   0.45000   0.89942
   0.50000   0.81805
   0.55000   0.75081
   0.60000   0.69425
   0.65000   0.64600
   0.70000   0.60432
   0.75000   0.56794
   0.80000   0.53589
   0.85000   0.50743
   0.90000   0.48199
   0.95000   0.45910
   1.00000   0.43838
   1.05000   0.41955
   1.10000   0.40235
   1.15000   0.38657
   1.20000   0.37204
   1.25000   0.35862
   1.30000   0.34618
   1.35000   0.33462
   1.40000   0.32385
   1.45000   0.31378
   1.50000   0.30435
   1.55000   0.29550
   1.60000   0.28717
   1.65000   0.27933
   1.70000   0.27193
   1.75000   0.26492
   1.80000   0.25829
   1.85000   0.25200
   1.90000   0.24602
   1.95000   0.24034
   2.00000   0.23492
   2.05000   0.22976
   2.10000   0.22483
   2.15000   0.22012
   2.20000   0.21561
   2.25000   0.21130
   2.30000   0.20716
   2.35000   0.20319
   2.40000   0.19937
   2.45000   0.19571
   2.50000   0.19218
   2.55000   0.18879
   2.60000   0.18551
   2.65000   0.18236
   2.70000   0.17932
   2.75000   0.17638
   2.80000   0.17354
   2.85000   0.17080
   2.90000   0.16815
   2.95000   0.16558
   3.00000   0.16310
