   0.01000   0.31010
   0.02000   0.68775
   0.03000   1.13295
   0.04000   1.64569
   0.05000   2.22598
   0.06000   2.87381
   0.07000   3.58919
   0.08000   4.37212
   0.09000   5.22260
   0.10000   6.14062
   0.40000  24.56250
   0.45000  24.85351
   0.50000  25.11675
   0.55000  25.35729
   0.60000  25.57889
   0.65000  25.78445
   0.70000  25.97624
   0.75000  26.15608
   0.80000  26.32543
   0.85000  26.48551
   0.90000  26.63733
   0.95000  26.78174
   1.00000  26.91947
   1.05000  27.05113
   1.10000  27.17727
   1.15000  27.29834
   1.20000  27.41477
   1.25000  27.52691
   1.30000  27.63509
   1.35000  27.73958
   1.40000  27.84065
   1.45000  27.93851
   1.50000  28.03339
   1.55000  28.12546
   1.60000  28.21490
   1.65000  28.30185
   1.70000  28.38647
   1.75000  28.46888
   1.80000  28.54919
   1.85000  28.62752
   1.90000  28.70396
   1.95000  28.77862
   2.00000  28.85157
   2.05000  28.92290
   2.10000  28.99269
   2.15000  29.06099
   2.20000  29.12787
   2.25000  29.19341
   2.30000  29.25764
   2.35000  29.32063
   2.40000  29.38242
   2.45000  29.44307
   2.50000  29.50262
   2.55000  29.56110
   2.60000  29.61855
   2.65000  29.67503
   2.70000  29.73055
   2.75000  29.78515
   2.80000  29.83887
   2.85000  29.89173
   2.90000  29.94376
   2.95000  29.99499
   3.00000  30.04544
