  1.000000000000000E-002  0.439327798633835     
  2.000000000000000E-002  0.436734575169864     
  3.000000000000000E-002  0.514263944206498     
  4.000000000000000E-002  0.559674075808173     
  5.000000000000000E-002  0.661445962123178     
  6.000000000000000E-002  0.747929474426928     
  7.000000000000001E-002  0.759938529935734     
  8.000000000000000E-002   1.06969150609019     
  9.000000000000000E-002  0.878437850299425     
  0.100000000000000        1.04987106796946     
  0.110000000000000       0.966125133069627     
  0.120000000000000        1.10551827110805     
  0.130000000000000        1.08085773779804     
  0.140000000000000       0.963226058711356     
  0.150000000000000       0.814272055000377     
  0.160000000000000        1.06164797580550     
  0.170000000000000        1.10995300262093     
  0.180000000000000       0.993216022219157     
  0.190000000000000       0.946839903402221     
  0.200000000000000        1.10966179628406     
  0.210000000000000        1.13402082054091     
  0.220000000000000       0.985164760399657     
  0.230000000000000       0.873911027510459     
  0.240000000000000       0.986483047977053     
  0.250000000000000        1.00001603047496     
  0.260000000000000        1.03674416593513     
  0.270000000000000        1.09596565071163     
  0.280000000000000        1.11597570976938     
  0.290000000000000        1.14475194363654     
  0.300000000000000        1.11821238968964     
  0.310000000000000       0.990817300872780     
  0.320000000000000       0.890664431435116     
  0.330000000000000       0.937199082948401     
  0.340000000000000        1.03821866686344     
  0.350000000000000        1.07756336779840     
  0.360000000000000        1.07983860472093     
  0.370000000000000        1.09285161032843     
  0.380000000000000        1.04904530824884     
  0.390000000000000       0.974816016213320     
  0.400000000000000       0.896376977196213     
  0.410000000000000       0.814124925607232     
  0.420000000000000       0.728528634809313     
  0.430000000000000       0.674035009121692     
  0.440000000000000       0.666617178518453     
  0.450000000000000       0.716078997609682     
  0.460000000000000       0.779383328481148     
  0.470000000000000       0.832252441981687     
  0.480000000000000       0.867129224142258     
  0.490000000000000       0.899620567978100     
  0.500000000000000       0.924615588475059     
  0.510000000000000       0.870748648867562     
  0.520000000000000       0.768875863565608     
  0.530000000000000       0.716853515058234     
  0.540000000000000       0.702203721248560     
  0.550000000000000       0.689676436375309     
  0.560000000000000       0.676421429287443     
  0.570000000000000       0.661487882232880     
  0.580000000000000       0.648117547316660     
  0.590000000000000       0.649494512495759     
  0.600000000000000       0.646273073041708     
  0.610000000000000       0.619695084674603     
  0.620000000000000       0.599280993845330     
  0.630000000000000       0.569363871894339     
  0.640000000000000       0.533684975972996     
  0.650000000000000       0.499519982094183     
  0.660000000000000       0.473601173037359     
  0.670000000000000       0.462016893720919     
  0.680000000000000       0.464969117666470     
  0.690000000000000       0.477654790748550     
  0.700000000000000       0.493976603790347     
  0.710000000000000       0.508322896769517     
  0.720000000000000       0.518085512688530     
  0.730000000000000       0.523303566136943     
  0.740000000000000       0.525386182590099     
  0.750000000000000       0.527704190833575     
  0.760000000000000       0.532986735947102     
  0.770000000000000       0.542814154102752     
  0.780000000000000       0.557006298639869     
  0.790000000000000       0.573045140816220     
  0.800000000000000       0.587751738597561     
  0.810000000000000       0.596368240318238     
  0.820000000000000       0.595844623937313     
  0.830000000000000       0.582163863507813     
  0.840000000000000       0.555365657988037     
  0.850000000000000       0.560815447878747     
  0.860000000000000       0.577643647630771     
  0.870000000000000       0.589307819815843     
  0.880000000000000       0.592787666597570     
  0.890000000000000       0.587153871969008     
  0.900000000000000       0.574569574781190     
  0.910000000000000       0.555071903048765     
  0.920000000000000       0.530486668565839     
  0.930000000000000       0.504935826476425     
  0.940000000000000       0.484235649932512     
  0.950000000000000       0.461712305183023     
  0.960000000000000       0.438268500523700     
  0.970000000000000       0.414433532009023     
  0.980000000000000       0.391233532308764     
  0.990000000000000       0.368802367202372     
   1.00000000000000       0.347348478553504     
   1.01000000000000       0.326990853807982     
   1.02000000000000       0.307730563984795     
   1.03000000000000       0.290354892854400     
   1.04000000000000       0.277742945983842     
   1.05000000000000       0.281193844649965     
   1.06000000000000       0.283139449576589     
   1.07000000000000       0.283964085672549     
   1.08000000000000       0.283738015688828     
   1.09000000000000       0.282534062911952     
   1.10000000000000       0.280537285256333     
   1.11000000000000       0.277682429022489     
   1.12000000000000       0.278814576248732     
   1.13000000000000       0.278511191388962     
   1.14000000000000       0.276975048587175     
   1.15000000000000       0.273609037138456     
   1.16000000000000       0.268393491078667     
   1.17000000000000       0.271714772919314     
   1.18000000000000       0.277871233031239     
   1.19000000000000       0.280242733238327     
   1.20000000000000       0.278671094520051     
   1.21000000000000       0.273451566113054     
   1.22000000000000       0.264992763660980     
   1.23000000000000       0.253985671094051     
   1.24000000000000       0.256572772400387     
   1.25000000000000       0.258713119317564     
   1.26000000000000       0.259824720119493     
   1.27000000000000       0.263395034536814     
   1.28000000000000       0.268158825253928     
   1.29000000000000       0.272034525633778     
   1.30000000000000       0.275288028148055     
   1.31000000000000       0.277699858064810     
   1.32000000000000       0.279547330271430     
   1.33000000000000       0.280815516785679     
   1.34000000000000       0.281488143844800     
   1.35000000000000       0.281514554462133     
   1.36000000000000       0.280826852832668     
   1.37000000000000       0.279659364144104     
   1.38000000000000       0.277847943735230     
   1.39000000000000       0.275407768761709     
   1.40000000000000       0.272442496185971     
   1.41000000000000       0.269118044997760     
   1.42000000000000       0.265613180915132     
   1.43000000000000       0.261996313108724     
   1.44000000000000       0.259428424817964     
   1.45000000000000       0.258509097476702     
   1.46000000000000       0.258357453218829     
   1.47000000000000       0.265486387326445     
   1.48000000000000       0.270901359712932     
   1.49000000000000       0.274470245792174     
   1.50000000000000       0.276115278235778     
   1.51000000000000       0.275871194735279     
   1.52000000000000       0.273943647985656     
   1.53000000000000       0.270771010281796     
   1.54000000000000       0.266265723549301     
   1.55000000000000       0.260825027453310     
   1.56000000000000       0.254901983890866     
   1.57000000000000       0.248430538664524     
   1.58000000000000       0.241145295083878     
   1.59000000000000       0.233282504185588     
   1.60000000000000       0.224916033036657     
   1.61000000000000       0.215908156034203     
   1.62000000000000       0.210593705550622     
   1.63000000000000       0.208046777759560     
   1.64000000000000       0.205396450297538     
   1.65000000000000       0.202687768086167     
   1.66000000000000       0.199945503077947     
   1.67000000000000       0.197067814907813     
   1.68000000000000       0.194143383936094     
   1.69000000000000       0.191115772696789     
   1.70000000000000       0.188006235198363     
   1.71000000000000       0.185498893452464     
   1.72000000000000       0.184795152921193     
   1.73000000000000       0.183976133212700     
   1.74000000000000       0.183139979975047     
   1.75000000000000       0.182255228174086     
   1.76000000000000       0.181324345576609     
   1.77000000000000       0.180387343474707     
   1.78000000000000       0.179375770817348     
   1.79000000000000       0.178398327748513     
   1.80000000000000       0.177340398828172     
   1.81000000000000       0.176253384696231     
   1.82000000000000       0.175172784696487     
   1.83000000000000       0.174024088083928     
   1.84000000000000       0.172823512414167     
   1.85000000000000       0.171666897707913     
   1.86000000000000       0.170452451823096     
   1.87000000000000       0.169184476617742     
   1.88000000000000       0.171880626536108     
   1.89000000000000       0.177304294553798     
   1.90000000000000       0.182510555938776     
   1.91000000000000       0.187460739449267     
   1.92000000000000       0.192139822223520     
   1.93000000000000       0.196396170349863     
   1.94000000000000       0.200302499524829     
   1.95000000000000       0.203754791477054     
   1.96000000000000       0.206770582977440     
   1.97000000000000       0.209414431433241     
   1.98000000000000       0.211662514904180     
   1.99000000000000       0.213536436842660     
   2.00000000000000       0.215065256533926     
   2.01000000000000       0.216222933408196     
   2.02000000000000       0.216973203704611     
   2.03000000000000       0.217309337271055     
   2.04000000000000       0.217266923381712     
   2.05000000000000       0.216873436401141     
   2.06000000000000       0.216080933875011     
   2.07000000000000       0.214943233294164     
   2.08000000000000       0.213532913393792     
   2.09000000000000       0.211999703041401     
   2.10000000000000       0.210702476874884     
   2.11000000000000       0.209266783807968     
   2.12000000000000       0.207686925071594     
   2.13000000000000       0.205918944988466     
   2.14000000000000       0.204390630772464     
   2.15000000000000       0.203778439037539     
   2.16000000000000       0.202934919002587     
   2.17000000000000       0.201872276799875     
   2.18000000000000       0.200518004821289     
   2.19000000000000       0.198973972778408     
   2.20000000000000       0.197184499774505     
   2.21000000000000       0.195182847000203     
   2.22000000000000       0.192994705363891     
   2.23000000000000       0.190593470414758     
   2.24000000000000       0.188036434173510     
   2.25000000000000       0.185294632184166     
   2.26000000000000       0.182373166465972     
   2.27000000000000       0.179349843806886     
   2.28000000000000       0.176146602451098     
   2.29000000000000       0.172855128214764     
   2.30000000000000       0.169462178856733     
   2.31000000000000       0.165943749195217     
   2.32000000000000       0.162389516860698     
   2.33000000000000       0.158768070886355     
   2.34000000000000       0.155072267620322     
   2.35000000000000       0.151379842850595     
   2.36000000000000       0.147660116108551     
   2.37000000000000       0.143926781954561     
   2.38000000000000       0.140227038723867     
   2.39000000000000       0.136525358174717     
   2.40000000000000       0.132866942978553     
   2.41000000000000       0.129248583147264     
   2.42000000000000       0.125665844150104     
   2.43000000000000       0.122406293934525     
   2.44000000000000       0.119247982475876     
   2.45000000000000       0.116993331649609     
   2.46000000000000       0.116263605228249     
   2.47000000000000       0.115574006375374     
   2.48000000000000       0.114970324688113     
   2.49000000000000       0.114411992309671     
   2.50000000000000       0.113863072796830     
   2.51000000000000       0.113332896803387     
   2.52000000000000       0.112785809197696     
   2.53000000000000       0.112201766173983     
   2.54000000000000       0.111565095828911     
   2.55000000000000       0.110860620198983     
   2.56000000000000       0.110063449799118     
   2.57000000000000       0.109176450233955     
   2.58000000000000       0.108192999832348     
   2.59000000000000       0.107118565319660     
   2.60000000000000       0.105981466052657     
   2.61000000000000       0.104736980822297     
   2.62000000000000       0.103374872929355     
   2.63000000000000       0.101884746065428     
   2.64000000000000       0.100272744522193     
   2.65000000000000       9.854812682901166E-002
   2.66000000000000       9.674359186688952E-002
   2.67000000000000       9.486461867753021E-002
   2.68000000000000       9.389341049874399E-002
   2.69000000000000       9.291282734094741E-002
   2.70000000000000       9.192342202287426E-002
   2.71000000000000       9.092575204607574E-002
   2.72000000000000       8.993690467084262E-002
   2.73000000000000       8.957803007161524E-002
   2.74000000000000       8.939409064702179E-002
   2.75000000000000       8.920583400062759E-002
   2.76000000000000       8.901333934457956E-002
   2.77000000000000       8.881668150852580E-002
   2.78000000000000       8.861592304844890E-002
   2.79000000000000       8.841115221992109E-002
   2.80000000000000       8.820437032288156E-002
   2.81000000000000       8.800514793131731E-002
   2.82000000000000       8.780191000507169E-002
   2.83000000000000       8.759475748459626E-002
   2.84000000000000       8.738376065078354E-002
   2.85000000000000       8.716899387173557E-002
   2.86000000000000       8.695055240439409E-002
   2.87000000000000       8.672848859025431E-002
   2.88000000000000       8.650289778854565E-002
   2.89000000000000       8.755462795935856E-002
   2.90000000000000       8.878157410171704E-002
   2.91000000000000       9.001173339150242E-002
   2.92000000000000       9.124057475414345E-002
   2.93000000000000       9.246371963748178E-002
   2.94000000000000       9.367695148472628E-002
   2.95000000000000       9.487622581079098E-002
   2.96000000000000       9.605768218469353E-002
   2.97000000000000       9.721760479950831E-002
   2.98000000000000       9.835247567516005E-002
   2.99000000000000       9.945897467836595E-002
   3.00000000000000       0.100533932479834     
