  1.000000000000000E-002   3.99273376067019     
  2.000000000000000E-002   4.00264250565662     
  3.000000000000000E-002   4.05434871666112     
  4.000000000000000E-002   4.12556702003045     
  5.000000000000000E-002   4.25079834791419     
  6.000000000000000E-002   4.53556568937666     
  7.000000000000001E-002   4.89134485289535     
  8.000000000000000E-002   5.27306477946367     
  9.000000000000000E-002   5.47689355503632     
  0.100000000000000        4.96476319592418     
  0.110000000000000        5.09191201326665     
  0.120000000000000        6.27314397393240     
  0.130000000000000        8.53759482992021     
  0.140000000000000        11.2289208540006     
  0.150000000000000        12.3736623558759     
  0.160000000000000        14.3477698541888     
  0.170000000000000        14.7556224844910     
  0.180000000000000        10.3334262576694     
  0.190000000000000        11.7702304336124     
  0.200000000000000        12.3234097529572     
  0.210000000000000        13.6750705316289     
  0.220000000000000        12.5518430589881     
  0.230000000000000        13.4726101891876     
  0.240000000000000        16.7123237617573     
  0.250000000000000        16.5558538128728     
  0.260000000000000        13.4647732985251     
  0.270000000000000        14.6821375931254     
  0.280000000000000        16.7865536835990     
  0.290000000000000        15.7386430511194     
  0.300000000000000        14.7297847644335     
  0.310000000000000        15.4333476234248     
  0.320000000000000        15.6526027439652     
  0.330000000000000        15.7617531846105     
  0.340000000000000        16.1129757439830     
  0.350000000000000        15.8320821374577     
  0.360000000000000        15.8811234475419     
  0.370000000000000        16.6994994081942     
  0.380000000000000        18.0432298403401     
  0.390000000000000        19.0866711371811     
  0.400000000000000        20.2394746494594     
  0.410000000000000        21.1951833667166     
  0.420000000000000        21.3456457098854     
  0.430000000000000        20.7815455240145     
  0.440000000000000        19.5846154873224     
  0.450000000000000        17.7451755045193     
  0.460000000000000        15.6382904237029     
  0.470000000000000        13.6702793367106     
  0.480000000000000        12.0386913622153     
  0.490000000000000        10.6855661451048     
  0.500000000000000        9.45312375788513     
  0.510000000000000        8.48602261698180     
  0.520000000000000        8.04761364627705     
  0.530000000000000        8.19163108991260     
  0.540000000000000        8.24471457558023     
  0.550000000000000        7.99741406808331     
  0.560000000000000        7.56696148418175     
  0.570000000000000        7.22255943211608     
  0.580000000000000        7.00549622625064     
  0.590000000000000        6.76591909798775     
  0.600000000000000        6.46355372946161     
  0.610000000000000        6.31187026730404     
  0.620000000000000        6.42080835902560     
  0.630000000000000        6.45887726213359     
  0.640000000000000        6.41814582026103     
  0.650000000000000        6.34715718651730     
  0.660000000000000        6.28840936338138     
  0.670000000000000        6.35575540524854     
  0.680000000000000        6.33323567017900     
  0.690000000000000        6.12895284854340     
  0.700000000000000        5.82032181345315     
  0.710000000000000        5.49453317906614     
  0.720000000000000        5.18759674333866     
  0.730000000000000        5.13013468247537     
  0.740000000000000        5.22813443900832     
  0.750000000000000        5.29997639109385     
  0.760000000000000        5.36288713746448     
  0.770000000000000        5.38945857009799     
  0.780000000000000        5.36630263362880     
  0.790000000000000        5.30358294818443     
  0.800000000000000        5.22724334847026     
  0.810000000000000        5.14357165946585     
  0.820000000000000        5.05242247359815     
  0.830000000000000        4.98274838375973     
  0.840000000000000        4.95449548530307     
  0.850000000000000        4.95129574155205     
  0.860000000000000        5.00877051218275     
  0.870000000000000        5.02353319176623     
  0.880000000000000        4.94062739511300     
  0.890000000000000        4.79081677033531     
  0.900000000000000        4.63209811658153     
  0.910000000000000        4.52232623651820     
  0.920000000000000        4.51729186237480     
  0.930000000000000        4.58111120595315     
  0.940000000000000        4.65429325019611     
  0.950000000000000        4.66885342052915     
  0.960000000000000        4.69810494348769     
  0.970000000000000        4.59590665451057     
  0.980000000000000        4.38037054835926     
  0.990000000000000        4.10241544696130     
   1.00000000000000        3.81474381014936     
   1.01000000000000        3.55019525220707     
   1.02000000000000        3.31252965018583     
   1.03000000000000        3.09176437583402     
   1.04000000000000        2.93163889760053     
   1.05000000000000        2.89368604956797     
   1.06000000000000        2.84375570367039     
   1.07000000000000        2.78326036342800     
   1.08000000000000        2.71112876687880     
   1.09000000000000        2.62887652655807     
   1.10000000000000        2.53890118953825     
   1.11000000000000        2.44365439065436     
   1.12000000000000        2.34794242446983     
   1.13000000000000        2.25746682288982     
   1.14000000000000        2.37974266779406     
   1.15000000000000        2.50016739999150     
   1.16000000000000        2.61014722823368     
   1.17000000000000        2.70429412209520     
   1.18000000000000        2.78049294239854     
   1.19000000000000        2.83725456122896     
   1.20000000000000        2.87661103244102     
   1.21000000000000        2.90133264176423     
   1.22000000000000        2.91649317684016     
   1.23000000000000        2.92558616085158     
   1.24000000000000        2.93572972721223     
   1.25000000000000        2.94860627109911     
   1.26000000000000        2.96296653550229     
   1.27000000000000        2.97473697777860     
   1.28000000000000        2.98214542391106     
   1.29000000000000        2.98202234072339     
   1.30000000000000        2.96906705195792     
   1.31000000000000        2.93889949387189     
   1.32000000000000        2.88736124512872     
   1.33000000000000        2.81120681492107     
   1.34000000000000        2.89434058384020     
   1.35000000000000        2.95616358045231     
   1.36000000000000        2.97666448916034     
   1.37000000000000        2.95469836172707     
   1.38000000000000        2.89190311740016     
   1.39000000000000        2.79277344291699     
   1.40000000000000        2.75668123784093     
   1.41000000000000        2.79652381593002     
   1.42000000000000        2.82557146066829     
   1.43000000000000        2.84468317252559     
   1.44000000000000        2.85570563269547     
   1.45000000000000        2.86201619878596     
   1.46000000000000        2.86980186380424     
   1.47000000000000        2.88394795486230     
   1.48000000000000        2.89815525472385     
   1.49000000000000        2.90993687656186     
   1.50000000000000        2.91803925485517     
   1.51000000000000        2.92313060962847     
   1.52000000000000        2.92375260904730     
   1.53000000000000        2.92091777883304     
   1.54000000000000        2.91290339765093     
   1.55000000000000        2.89963853681426     
   1.56000000000000        2.88123837576617     
   1.57000000000000        2.85853289905418     
   1.58000000000000        2.83098546377306     
   1.59000000000000        2.79886964298553     
   1.60000000000000        2.76302609103067     
   1.61000000000000        2.72328062192055     
   1.62000000000000        2.67877172772973     
   1.63000000000000        2.62954623854844     
   1.64000000000000        2.57636274693452     
   1.65000000000000        2.51986185261589     
   1.66000000000000        2.46000204193130     
   1.67000000000000        2.42951021929182     
   1.68000000000000        2.43645051046508     
   1.69000000000000        2.43996302700326     
   1.70000000000000        2.43986317220280     
   1.71000000000000        2.43522018499599     
   1.72000000000000        2.42713209194044     
   1.73000000000000        2.41536904122626     
   1.74000000000000        2.39911650461231     
   1.75000000000000        2.38059371233199     
   1.76000000000000        2.35800620868770     
   1.77000000000000        2.33237296364039     
   1.78000000000000        2.30423061454604     
   1.79000000000000        2.27263078862392     
   1.80000000000000        2.23961102674317     
   1.81000000000000        2.20372468792326     
   1.82000000000000        2.16597877469884     
   1.83000000000000        2.12651320423319     
   1.84000000000000        2.08504748880721     
   1.85000000000000        2.04270055505016     
   1.86000000000000        1.99847711208602     
   1.87000000000000        1.95401788948702     
   1.88000000000000        1.90793370100396     
   1.89000000000000        1.86212224988565     
   1.90000000000000        1.81532327601205     
   1.91000000000000        1.76880743047865     
   1.92000000000000        1.72284296068078     
   1.93000000000000        1.69228444937950     
   1.94000000000000        1.66178904721623     
   1.95000000000000        1.63077105279470     
   1.96000000000000        1.59961304471927     
   1.97000000000000        1.58158939648869     
   1.98000000000000        1.58610077301089     
   1.99000000000000        1.58413977019150     
   2.00000000000000        1.57604682473091     
   2.01000000000000        1.56233276244438     
   2.02000000000000        1.54367718265772     
   2.03000000000000        1.52086786002717     
   2.04000000000000        1.49483227181230     
   2.05000000000000        1.46628639642547     
   2.06000000000000        1.43586457371077     
   2.07000000000000        1.40421831576160     
   2.08000000000000        1.37195252887524     
   2.09000000000000        1.33980051909320     
   2.10000000000000        1.32347283438277     
   2.11000000000000        1.30670473607667     
   2.12000000000000        1.28986623805646     
   2.13000000000000        1.27292477327006     
   2.14000000000000        1.25604687892540     
   2.15000000000000        1.23955739612536     
   2.16000000000000        1.22337763796560     
   2.17000000000000        1.20757018802667     
   2.18000000000000        1.20379111727809     
   2.19000000000000        1.19834829774949     
   2.20000000000000        1.18961154487502     
   2.21000000000000        1.17724817545739     
   2.22000000000000        1.16133682438712     
   2.23000000000000        1.14277956792473     
   2.24000000000000        1.12090787161158     
   2.25000000000000        1.11763695269686     
   2.26000000000000        1.11607360251554     
   2.27000000000000        1.11462685488299     
   2.28000000000000        1.11324873485857     
   2.29000000000000        1.11178480800384     
   2.30000000000000        1.10999347020776     
   2.31000000000000        1.10781687735692     
   2.32000000000000        1.10548296658974     
   2.33000000000000        1.10248775246858     
   2.34000000000000        1.09901187978088     
   2.35000000000000        1.09500846495020     
   2.36000000000000        1.09017120390464     
   2.37000000000000        1.08464670450673     
   2.38000000000000        1.07843037997437     
   2.39000000000000        1.07136036888719     
   2.40000000000000        1.06349838325808     
   2.41000000000000        1.05504587270831     
   2.42000000000000        1.04918561419235     
   2.43000000000000        1.04782200734966     
   2.44000000000000        1.04549359907067     
   2.45000000000000        1.04195275178622     
   2.46000000000000        1.03697009202019     
   2.47000000000000        1.03033964958660     
   2.48000000000000        1.02190312599313     
   2.49000000000000        1.01157095466911     
   2.50000000000000       0.999335536749799     
   2.51000000000000       0.985459068647435     
   2.52000000000000       0.969686486315089     
   2.53000000000000       0.952089582110349     
   2.54000000000000       0.932781003990772     
   2.55000000000000       0.912102462730971     
   2.56000000000000       0.889934691171399     
   2.57000000000000       0.877971355684361     
   2.58000000000000       0.876706351341527     
   2.59000000000000       0.882534989542332     
   2.60000000000000       0.887143708803824     
   2.61000000000000       0.890598032461803     
   2.62000000000000       0.893070104416301     
   2.63000000000000       0.894200451877074     
   2.64000000000000       0.894129592456038     
   2.65000000000000       0.893051994912742     
   2.66000000000000       0.890643135440635     
   2.67000000000000       0.886932407413332     
   2.68000000000000       0.882406907887441     
   2.69000000000000       0.876690894993478     
   2.70000000000000       0.869812683982648     
   2.71000000000000       0.861845933540228     
   2.72000000000000       0.853285506882100     
   2.73000000000000       0.843767884367227     
   2.74000000000000       0.833377996645377     
   2.75000000000000       0.822204527512015     
   2.76000000000000       0.810415443272621     
   2.77000000000000       0.798287250360569     
   2.78000000000000       0.785627585023225     
   2.79000000000000       0.772528482702243     
   2.80000000000000       0.759080325198667     
   2.81000000000000       0.745371493305188     
   2.82000000000000       0.731487133348837     
   2.83000000000000       0.717591580108220     
   2.84000000000000       0.703784343736843     
   2.85000000000000       0.690011537410479     
   2.86000000000000       0.676342493836352     
   2.87000000000000       0.662841212393223     
   2.88000000000000       0.649567084580304     
   2.89000000000000       0.636573946265898     
   2.90000000000000       0.623910688080839     
   2.91000000000000       0.611620941583881     
   2.92000000000000       0.599743331497556     
   2.93000000000000       0.588311712822706     
   2.94000000000000       0.577355276775634     
   2.95000000000000       0.566898661952554     
   2.96000000000000       0.563123073631018     
   2.97000000000000       0.563682046197667     
   2.98000000000000       0.564141872807284     
   2.99000000000000       0.564582100161566     
   3.00000000000000       0.564914223729490     
   3.01000000000000       0.565146857826403     
   3.02000000000000       0.565377853655654     
   3.03000000000000       0.565546076139502     
   3.04000000000000       0.565634652482390     
   3.05000000000000       0.565698903177857     
   3.06000000000000       0.565751556094386     
   3.07000000000000       0.565739094598740     
   3.08000000000000       0.565666256771317     
   3.09000000000000       0.565600460291653     
   3.10000000000000       0.565517271926189     
   3.11000000000000       0.565382206371762     
   3.12000000000000       0.565197962309990     
   3.13000000000000       0.564978550603566     
   3.14000000000000       0.564796222100581     
   3.15000000000000       0.564568424568681     
   3.16000000000000       0.564296268762764     
   3.17000000000000       0.563980510968579     
   3.18000000000000       0.563636335804100     
   3.19000000000000       0.563324186079610     
   3.20000000000000       0.562967951557664     
   3.21000000000000       0.562567445023732     
   3.22000000000000       0.562122378285795     
   3.23000000000000       0.561632263126495     
   3.24000000000000       0.561178266880153     
   3.25000000000000       0.560681752806212     
   3.26000000000000       0.560137330170876     
   3.27000000000000       0.559544320484571     
   3.28000000000000       0.558901973330861     
   3.29000000000000       0.558269309528142     
   3.30000000000000       0.557608999439687     
   3.31000000000000       0.556896363357795     
   3.32000000000000       0.556130989193537     
   3.33000000000000       0.555312363349204     
   3.34000000000000       0.554517405269132     
   3.35000000000000       0.553670969323622     
   3.36000000000000       0.552769300195095     
   3.37000000000000       0.553190782632929     
   3.38000000000000       0.558418793420678     
   3.39000000000000       0.563616701200803     
   3.40000000000000       0.568764094259071     
   3.41000000000000       0.573841097278749     
   3.42000000000000       0.578909808729579     
   3.43000000000000       0.583890626677413     
   3.44000000000000       0.588749775354090     
   3.45000000000000       0.593469097403773     
   3.46000000000000       0.598031002255024     
   3.47000000000000       0.602418809643521     
   3.48000000000000       0.606616149424923     
   3.49000000000000       0.610607827949370     
   3.50000000000000       0.614379278877228     
   3.51000000000000       0.617918326084905     
   3.52000000000000       0.621363358690275     
   3.53000000000000       0.624553389053849     
   3.54000000000000       0.627477211883855     
   3.55000000000000       0.630124432813060     
   3.56000000000000       0.632485482236469     
   3.57000000000000       0.634551859503315     
   3.58000000000000       0.636316135599169     
   3.59000000000000       0.639407955976214     
   3.60000000000000       0.645939987297217     
   3.61000000000000       0.652258075588870     
   3.62000000000000       0.658349633924651     
   3.63000000000000       0.664296072569457     
   3.64000000000000       0.670052824317925     
   3.65000000000000       0.675554114377990     
   3.66000000000000       0.680790380819720     
   3.67000000000000       0.685753187445173     
   3.68000000000000       0.690434922619796     
   3.69000000000000       0.694828850891248     
   3.70000000000000       0.698929101107060     
   3.71000000000000       0.702844406804046     
   3.72000000000000       0.706524280500516     
   3.73000000000000       0.709899534349920     
   3.74000000000000       0.712967380575786     
   3.75000000000000       0.715725729663057     
   3.76000000000000       0.718173280307548     
   3.77000000000000       0.720309248118554     
   3.78000000000000       0.722256719038072     
   3.79000000000000       0.723964580881835     
   3.80000000000000       0.725362991097844     
   3.81000000000000       0.726453398726170     
   3.82000000000000       0.727238010352046     
   3.83000000000000       0.727719279270915     
   3.84000000000000       0.727998047767561     
   3.85000000000000       0.728080637163416     
   3.86000000000000       0.727869354550911     
   3.87000000000000       0.727368099677190     
   3.88000000000000       0.726581012805251     
   3.89000000000000       0.725523059185283     
   3.90000000000000       0.724376724525883     
   3.91000000000000       0.722957238634789     
   3.92000000000000       0.721269679495270     
   3.93000000000000       0.719319139864401     
   3.94000000000000       0.717151946987476     
   3.95000000000000       0.714885984419384     
   3.96000000000000       0.715801600723989     
   3.97000000000000       0.718529400359397     
   3.98000000000000       0.721014954709781     
   3.99000000000000       0.723293975990478     
   4.00000000000000       0.725380090389723     
   4.01000000000000       0.727277953992360     
   4.02000000000000       0.729050804287656     
   4.03000000000000       0.730735781291090     
   4.04000000000000       0.732348547527340     
   4.05000000000000       0.733818387626652     
   4.06000000000000       0.735176187132149     
   4.07000000000000       0.736423733221075     
   4.08000000000000       0.737649546704410     
   4.09000000000000       0.738961965376807     
   4.10000000000000       0.740519804828129     
   4.11000000000000       0.742085762766001     
   4.12000000000000       0.743440456689002     
   4.13000000000000       0.744566057902356     
   4.14000000000000       0.745477376290767     
   4.15000000000000       0.746159150769114     
   4.16000000000000       0.746634870759113     
   4.17000000000000       0.748313661717707     
   4.18000000000000       0.751168223906304     
   4.19000000000000       0.753917801688576     
   4.20000000000000       0.756562879772938     
   4.21000000000000       0.759112705280671     
   4.22000000000000       0.761660857219863     
   4.23000000000000       0.764105547094642     
   4.24000000000000       0.766446937924012     
   4.25000000000000       0.768684762947208     
   4.26000000000000       0.770898775979104     
   4.27000000000000       0.773042212231356     
   4.28000000000000       0.775081235264282     
   4.29000000000000       0.777015185368871     
   4.30000000000000       0.778892004210466     
   4.31000000000000       0.780729667771085     
   4.32000000000000       0.782460005485149     
   4.33000000000000       0.784081924870316     
   4.34000000000000       0.785645238012140     
   4.35000000000000       0.787165355830691     
   4.36000000000000       0.788573561602853     
   4.37000000000000       0.789868609837077     
   4.38000000000000       0.791163085021994     
   4.39000000000000       0.792347639766290     
   4.40000000000000       0.793561322128671     
   4.41000000000000       0.796736654415949     
   4.42000000000000       0.799798325861052     
   4.43000000000000       0.802810236951316     
   4.44000000000000       0.805752037350317     
   4.45000000000000       0.808574362142790     
   4.46000000000000       0.811275034010356     
   4.47000000000000       0.813880676952533     
   4.48000000000000       0.816449170890415     
   4.49000000000000       0.818890142906407     
   4.50000000000000       0.821201023894658     
   4.51000000000000       0.823379624557848     
   4.52000000000000       0.825473676909592     
   4.53000000000000       0.827502948934235     
   4.54000000000000       0.829393452167975     
   4.55000000000000       0.831143024695510     
   4.56000000000000       0.832749440504394     
   4.57000000000000       0.834234415515888     
   4.58000000000000       0.835674050482697     
   4.59000000000000       0.836964353956254     
   4.60000000000000       0.838103252182685     
   4.61000000000000       0.839088733208723     
   4.62000000000000       0.839918945314387     
   4.63000000000000       0.840685249391519     
   4.64000000000000       0.841328876683010     
   4.65000000000000       0.841811607620294     
   4.66000000000000       0.842132145656096     
   4.67000000000000       0.842288644613767     
   4.68000000000000       0.842292263868820     
   4.69000000000000       0.842248843092994     
   4.70000000000000       0.842037253940796     
   4.71000000000000       0.841656108519464     
   4.72000000000000       0.841104399719058     
   4.73000000000000       0.840381144222898     
   4.74000000000000       0.839536855341604     
   4.75000000000000       0.838601622981091     
   4.76000000000000       0.837492132315269     
   4.77000000000000       0.836207831029101     
   4.78000000000000       0.834748377396695     
   4.79000000000000       0.833113297273462     
   4.80000000000000       0.831388668661663     
   4.81000000000000       0.829535463528000     
   4.82000000000000       0.827505906160505     
   4.83000000000000       0.825299990290154     
   4.84000000000000       0.822918091440171     
   4.85000000000000       0.820360711941473     
   4.86000000000000       0.817748462965403     
   4.87000000000000       0.814973139442854     
   4.88000000000000       0.812023246649156     
   4.89000000000000       0.808899668821043     
   4.90000000000000       0.805603494837074     
   4.91000000000000       0.802165223458892     
   4.92000000000000       0.798656411446120     
   4.93000000000000       0.795491970090778     
   4.94000000000000       0.793814752630894     
   4.95000000000000       0.791958266802078     
   4.96000000000000       0.789883334661579     
   4.97000000000000       0.787654982523487     
   4.98000000000000       0.785243138210866     
   4.99000000000000       0.782619538208022     
   5.00000000000000       0.779852322803547     
   5.01000000000000       0.776888012864319     
   5.02000000000000       0.773715750869586     
   5.03000000000000       0.770408068019033     
   5.04000000000000       0.766871837097783     
   5.05000000000000       0.763188242084573     
   5.06000000000000       0.759308856887864     
   5.07000000000000       0.755242759535317     
   5.08000000000000       0.751029323477375     
   5.09000000000000       0.746609515162074     
   5.10000000000000       0.742066737681131     
   5.11000000000000       0.737375650109340     
   5.12000000000000       0.732571381358806     
   5.13000000000000       0.729501690585555     
   5.14000000000000       0.726553026371479     
   5.15000000000000       0.723518009475542     
   5.16000000000000       0.720378461798719     
   5.17000000000000       0.717100429661722     
   5.18000000000000       0.713645832389411     
   5.19000000000000       0.710073143048859     
   5.20000000000000       0.706303492416230     
   5.21000000000000       0.702365216238942     
   5.22000000000000       0.698283216075983     
   5.23000000000000       0.694014784940252     
   5.24000000000000       0.689623450627883     
   5.25000000000000       0.685105130577875     
   5.26000000000000       0.680479654469603     
   5.27000000000000       0.676370248357418     
   5.28000000000000       0.672754445989187     
   5.29000000000000       0.669104398163367     
   5.30000000000000       0.665364705607305     
   5.31000000000000       0.661509543727851     
   5.32000000000000       0.657498632184621     
   5.33000000000000       0.653322930948290     
   5.34000000000000       0.649022044360855     
   5.35000000000000       0.644527372383447     
   5.36000000000000       0.639906474631511     
   5.37000000000000       0.635107811289522     
   5.38000000000000       0.630140838321712     
   5.39000000000000       0.625053538635287     
   5.40000000000000       0.622217503930036     
   5.41000000000000       0.621990977141136     
   5.42000000000000       0.621655532275555     
   5.43000000000000       0.621212235584005     
   5.44000000000000       0.620730063358678     
   5.45000000000000       0.620154096710215     
   5.46000000000000       0.619473134490175     
   5.47000000000000       0.618698715022702     
   5.48000000000000       0.617890190698136     
   5.49000000000000       0.616979647942489     
   5.50000000000000       0.615968319486103     
   5.51000000000000       0.614878483987011     
   5.52000000000000       0.613746872145291     
   5.53000000000000       0.612517910419057     
   5.54000000000000       0.611192883608051     
   5.55000000000000       0.609800283593418     
   5.56000000000000       0.608362826574440     
   5.57000000000000       0.606832814895027     
   5.58000000000000       0.605211709836463     
   5.59000000000000       0.603533223161313     
   5.60000000000000       0.601807856705815     
   5.61000000000000       0.599995033909606     
   5.62000000000000       0.598096414240997     
   5.63000000000000       0.596169253502601     
   5.64000000000000       0.594174644397036     
   5.65000000000000       0.592098002635406     
   5.66000000000000       0.589989721115329     
   5.67000000000000       0.587823307713696     
   5.68000000000000       0.585604140938236     
   5.69000000000000       0.584195686052118     
   5.70000000000000       0.583045054190868     
   5.71000000000000       0.581845581274581     
   5.72000000000000       0.580591057029369     
   5.73000000000000       0.579311811229782     
   5.74000000000000       0.577955463066907     
   5.75000000000000       0.576580996517279     
   5.76000000000000       0.575126371255541     
   5.77000000000000       0.573643997008547     
   5.78000000000000       0.572094627558317     
   5.79000000000000       0.570502926376922     
   5.80000000000000       0.568862488443186     
   5.81000000000000       0.567162667922469     
   5.82000000000000       0.565434761128802     
   5.83000000000000       0.563633086333983     
   5.84000000000000       0.561821214970814     
   5.85000000000000       0.559936960791417     
   5.86000000000000       0.558031034376466     
   5.87000000000000       0.556068714011102     
   5.88000000000000       0.554069707892268     
   5.89000000000000       0.552032823730897     
   5.90000000000000       0.549945156152659     
   5.91000000000000       0.547837255362774     
   5.92000000000000       0.545670861508454     
   5.93000000000000       0.543495325642162     
   5.94000000000000       0.541262167771988     
   5.95000000000000       0.539022460500807     
   5.96000000000000       0.536733632989171     
   5.97000000000000       0.534433077570155     
   5.98000000000000       0.532099894863623     
   5.99000000000000       0.529756531909788     
   6.00000000000000       0.527963046749306     
