  1.000000000000000E-002  0.997827453313540     
  2.000000000000000E-002   1.00007064389713     
  3.000000000000000E-002   1.01345982252034     
  4.000000000000000E-002   1.06214715078890     
  5.000000000000000E-002   1.10290192720726     
  6.000000000000000E-002   1.10542667240834     
  7.000000000000001E-002   1.03845894560609     
  8.000000000000000E-002   1.23287989585994     
  9.000000000000000E-002   1.31637680506711     
  0.100000000000000        1.36411202810664     
  0.110000000000000        1.25320760589949     
  0.120000000000000        1.36357478766536     
  0.130000000000000        1.57824494533335     
  0.140000000000000        1.49118837239158     
  0.150000000000000        1.41182692766300     
  0.160000000000000        1.62741080153266     
  0.170000000000000        1.76197059169180     
  0.180000000000000        1.65481779731190     
  0.190000000000000        2.22271341271285     
  0.200000000000000        2.88142906532292     
  0.210000000000000        3.16886143997972     
  0.220000000000000        3.34856251568562     
  0.230000000000000        3.22227866453605     
  0.240000000000000        3.09352267135639     
  0.250000000000000        2.92947488134875     
  0.260000000000000        2.55702850759111     
  0.270000000000000        2.39431173444338     
  0.280000000000000        2.51006834631693     
  0.290000000000000        2.38125430830825     
  0.300000000000000        2.51664188118677     
  0.310000000000000        2.69709010637699     
  0.320000000000000        2.54169129927502     
  0.330000000000000        2.29023052392169     
  0.340000000000000        2.18166706237994     
  0.350000000000000        2.01861723121492     
  0.360000000000000        2.06369439581206     
  0.370000000000000        2.24651873687535     
  0.380000000000000        2.42728616079846     
  0.390000000000000        2.70103657484912     
  0.400000000000000        3.12347842911921     
  0.410000000000000        3.61092620609241     
  0.420000000000000        4.01736351240432     
  0.430000000000000        4.21902599281977     
  0.440000000000000        4.21410709437847     
  0.450000000000000        4.35413530489947     
  0.460000000000000        4.42320058848280     
  0.470000000000000        4.41272176484290     
  0.480000000000000        4.33887593235388     
  0.490000000000000        4.19801610557086     
  0.500000000000000        3.98916075169103     
  0.510000000000000        3.70376114729319     
  0.520000000000000        3.37268587260510     
  0.530000000000000        3.03322354673243     
  0.540000000000000        2.71147273595214     
  0.550000000000000        2.42546610254727     
  0.560000000000000        2.16603811190881     
  0.570000000000000        1.93077954266607     
  0.580000000000000        1.80070098026411     
  0.590000000000000        1.72123205951355     
  0.600000000000000        1.66165782433905     
  0.610000000000000        1.62859740709133     
  0.620000000000000        1.57615136202465     
  0.630000000000000        1.52053198139429     
  0.640000000000000        1.63170024151775     
  0.650000000000000        1.73287125373263     
  0.660000000000000        1.80413966315691     
  0.670000000000000        1.83310386288451     
  0.680000000000000        1.81873543606835     
  0.690000000000000        1.76467021317838     
  0.700000000000000        1.67796678591227     
  0.710000000000000        1.56766186423056     
  0.720000000000000        1.44329976605628     
  0.730000000000000        1.31357364422969     
  0.740000000000000        1.22213693653142     
  0.750000000000000        1.25507280384941     
  0.760000000000000        1.25594133756274     
  0.770000000000000        1.23384348025389     
  0.780000000000000        1.19812366693414     
  0.790000000000000        1.15667681567896     
  0.800000000000000        1.13438115095635     
  0.810000000000000        1.12725006105441     
  0.820000000000000        1.12395863794907     
  0.830000000000000        1.12363185293057     
  0.840000000000000        1.12457099789443     
  0.850000000000000        1.12485358026468     
  0.860000000000000        1.12346094753643     
  0.870000000000000        1.11776482980248     
  0.880000000000000        1.10575815099238     
  0.890000000000000        1.08632541593385     
  0.900000000000000        1.05886056356313     
  0.910000000000000        1.02330053757015     
  0.920000000000000       0.981296279837575     
  0.930000000000000       0.932708177108042     
  0.940000000000000       0.878632638388810     
  0.950000000000000       0.821389164964989     
  0.960000000000000       0.763150656961354     
  0.970000000000000       0.705658802794006     
  0.980000000000000       0.651039073780371     
  0.990000000000000       0.624135122425099     
   1.00000000000000       0.600121015379108     
   1.01000000000000       0.579993209557944     
   1.02000000000000       0.564982957206353     
   1.03000000000000       0.555575879701266     
   1.04000000000000       0.551558816826734     
   1.05000000000000       0.552147948183306     
   1.06000000000000       0.556349806471829     
   1.07000000000000       0.562321093761641     
   1.08000000000000       0.568492738741197     
   1.09000000000000       0.573388312709053     
   1.10000000000000       0.575745936972365     
   1.11000000000000       0.574596573007179     
   1.12000000000000       0.569345689093724     
   1.13000000000000       0.559638496281822     
   1.14000000000000       0.545528395574182     
   1.15000000000000       0.527447610227476     
   1.16000000000000       0.505944331438543     
   1.17000000000000       0.484028249972094     
   1.18000000000000       0.466779918484885     
   1.19000000000000       0.448520548992288     
   1.20000000000000       0.429592862108610     
   1.21000000000000       0.410855385415892     
   1.22000000000000       0.393092045619715     
   1.23000000000000       0.377021451655958     
   1.24000000000000       0.363038830177407     
   1.25000000000000       0.357404161876153     
   1.26000000000000       0.359339711554388     
   1.27000000000000       0.370786025850477     
   1.28000000000000       0.381452449296622     
   1.29000000000000       0.391748163012547     
   1.30000000000000       0.401392086735998     
   1.31000000000000       0.409648336327953     
   1.32000000000000       0.416027335308766     
   1.33000000000000       0.420326523981306     
   1.34000000000000       0.422739361157547     
   1.35000000000000       0.423328294402461     
   1.36000000000000       0.421536815726796     
   1.37000000000000       0.416879497799496     
   1.38000000000000       0.409129363964741     
   1.39000000000000       0.398502817412475     
   1.40000000000000       0.392473022670471     
   1.41000000000000       0.394038651937272     
   1.42000000000000       0.394382496885077     
   1.43000000000000       0.393293035289484     
   1.44000000000000       0.390945700730059     
   1.45000000000000       0.387472149653625     
   1.46000000000000       0.383124743556246     
   1.47000000000000       0.377980964730086     
   1.48000000000000       0.373383951047326     
   1.49000000000000       0.374145185907491     
   1.50000000000000       0.374416015180092     
   1.51000000000000       0.374031325006521     
   1.52000000000000       0.373986564205835     
   1.53000000000000       0.373187825342664     
   1.54000000000000       0.371250266343177     
   1.55000000000000       0.369590149117432     
   1.56000000000000       0.373058892337168     
   1.57000000000000       0.378412166578591     
   1.58000000000000       0.381476357859962     
   1.59000000000000       0.382122886990880     
   1.60000000000000       0.380342854759558     
   1.61000000000000       0.376231325648464     
   1.62000000000000       0.370019610262700     
   1.63000000000000       0.363799382056250     
   1.64000000000000       0.359117786526166     
   1.65000000000000       0.353302077186344     
   1.66000000000000       0.346412825899439     
   1.67000000000000       0.338608559159436     
   1.68000000000000       0.330199215801034     
   1.69000000000000       0.321371951420460     
   1.70000000000000       0.312360125833698     
   1.71000000000000       0.303418744525982     
   1.72000000000000       0.294848906227179     
   1.73000000000000       0.286834658354157     
   1.74000000000000       0.279446939413541     
   1.75000000000000       0.272936167960822     
   1.76000000000000       0.267194551853403     
   1.77000000000000       0.262254869284586     
   1.78000000000000       0.258088586495628     
   1.79000000000000       0.254493851128289     
   1.80000000000000       0.251394586787251     
   1.81000000000000       0.248675974261450     
   1.82000000000000       0.246113121318513     
   1.83000000000000       0.243668923776328     
   1.84000000000000       0.241213395646343     
   1.85000000000000       0.238641558255611     
   1.86000000000000       0.236028889138283     
   1.87000000000000       0.233262281102549     
   1.88000000000000       0.230469971986898     
   1.89000000000000       0.235176154149239     
   1.90000000000000       0.240752401210248     
   1.91000000000000       0.246588025833372     
   1.92000000000000       0.252601566640966     
   1.93000000000000       0.258713069989940     
   1.94000000000000       0.264844621407457     
   1.95000000000000       0.270961827377336     
   1.96000000000000       0.277048581478884     
   1.97000000000000       0.282961509179991     
   1.98000000000000       0.288636262690498     
   1.99000000000000       0.294180030567209     
   2.00000000000000       0.299415281072318     
   2.01000000000000       0.304325278081959     
   2.02000000000000       0.308982053625750     
   2.03000000000000       0.313180311220480     
   2.04000000000000       0.317145695000078     
   2.05000000000000       0.320592009043957     
   2.06000000000000       0.323751546029038     
   2.07000000000000       0.326375643255549     
   2.08000000000000       0.328687673977672     
   2.09000000000000       0.333850115366059     
   2.10000000000000       0.338986358039208     
   2.11000000000000       0.343511349263775     
   2.12000000000000       0.347538400986496     
   2.13000000000000       0.351057004475625     
   2.14000000000000       0.354005894046915     
   2.15000000000000       0.356441759444745     
   2.16000000000000       0.358429252373662     
   2.17000000000000       0.360033057246216     
   2.18000000000000       0.361310382086773     
   2.19000000000000       0.365127438271584     
   2.20000000000000       0.370174183278680     
   2.21000000000000       0.374762621907987     
   2.22000000000000       0.378840720940437     
   2.23000000000000       0.384491362616329     
   2.24000000000000       0.390765069574429     
   2.25000000000000       0.396064040966436     
   2.26000000000000       0.400411236825996     
   2.27000000000000       0.403934413390767     
   2.28000000000000       0.406580277646821     
   2.29000000000000       0.408536758421422     
   2.30000000000000       0.409758947662939     
   2.31000000000000       0.410271407007654     
   2.32000000000000       0.410160536022129     
   2.33000000000000       0.409402950722966     
   2.34000000000000       0.407907183820029     
   2.35000000000000       0.405790914999073     
   2.36000000000000       0.402962385130399     
   2.37000000000000       0.399513484205282     
   2.38000000000000       0.395388874383856     
   2.39000000000000       0.390661164667990     
   2.40000000000000       0.385254394414009     
   2.41000000000000       0.379356110001757     
   2.42000000000000       0.372951953849337     
   2.43000000000000       0.366218848329651     
   2.44000000000000       0.359237445888023     
   2.45000000000000       0.356409539089885     
   2.46000000000000       0.353787407026201     
   2.47000000000000       0.350898162280540     
   2.48000000000000       0.347769490292049     
   2.49000000000000       0.344432751890489     
   2.50000000000000       0.340918315050552     
   2.51000000000000       0.337250314208186     
   2.52000000000000       0.333445878096490     
   2.53000000000000       0.329518290369612     
   2.54000000000000       0.325480808640983     
   2.55000000000000       0.321348128383030     
   2.56000000000000       0.317133963628895     
   2.57000000000000       0.312847575858922     
   2.58000000000000       0.308493566445420     
   2.59000000000000       0.304075418130680     
   2.60000000000000       0.299597223554155     
   2.61000000000000       0.295063918191347     
   2.62000000000000       0.290481802352377     
   2.63000000000000       0.285857037153585     
   2.64000000000000       0.281194044262713     
   2.65000000000000       0.276494606305631     
   2.66000000000000       0.271755177600947     
   2.67000000000000       0.266967731351674     
   2.68000000000000       0.262192620852844     
   2.69000000000000       0.257364586993399     
   2.70000000000000       0.252490825059903     
   2.71000000000000       0.247642088659357     
   2.72000000000000       0.243570620030492     
   2.73000000000000       0.240032295137220     
   2.74000000000000       0.236539374399490     
   2.75000000000000       0.233090216265572     
   2.76000000000000       0.229675593490864     
   2.77000000000000       0.226282645221809     
   2.78000000000000       0.222898670506490     
   2.79000000000000       0.219554530757495     
   2.80000000000000       0.216226901604218     
   2.81000000000000       0.212910949609234     
   2.82000000000000       0.209642212297155     
   2.83000000000000       0.206372168146442     
   2.84000000000000       0.203165872768179     
   2.85000000000000       0.199961777562433     
   2.86000000000000       0.196817344901760     
   2.87000000000000       0.193684070093264     
   2.88000000000000       0.190612728992319     
   2.89000000000000       0.187551949695263     
   2.90000000000000       0.184563105254514     
   2.91000000000000       0.181590419883826     
   2.92000000000000       0.178673121465630     
   2.93000000000000       0.175796079354704     
   2.94000000000000       0.172944531416213     
   2.95000000000000       0.170165402916326     
   2.96000000000000       0.167418783955559     
   2.97000000000000       0.164704596394313     
   2.98000000000000       0.162053928673634     
   2.99000000000000       0.159450500728327     
   3.00000000000000       0.156884492664056     
   3.01000000000000       0.154357850183775     
   3.02000000000000       0.151899678217752     
   3.03000000000000       0.149487895937692     
   3.04000000000000       0.147118053597279     
   3.05000000000000       0.144791272810609     
   3.06000000000000       0.142512604711522     
   3.07000000000000       0.140300278336254     
   3.08000000000000       0.138131695321761     
   3.09000000000000       0.136007268943197     
   3.10000000000000       0.133927314885354     
   3.11000000000000       0.131892004247793     
   3.12000000000000       0.129912196986810     
   3.13000000000000       0.127985198417762     
   3.14000000000000       0.126101351122769     
   3.15000000000000       0.124260403309822     
   3.16000000000000       0.122461941793032     
   3.17000000000000       0.120705485764076     
   3.18000000000000       0.118990453137126     
   3.19000000000000       0.117328858442346     
   3.20000000000000       0.115708763379650     
   3.21000000000000       0.114127235808933     
   3.22000000000000       0.112583495932791     
   3.23000000000000       0.111076674646854     
   3.24000000000000       0.109605910156820     
   3.25000000000000       0.108170287373030     
   3.26000000000000       0.106769044436752     
   3.27000000000000       0.105411926813655     
   3.28000000000000       0.104086534728545     
   3.29000000000000       0.102791899346459     
   3.30000000000000       0.101526997253423     
   3.31000000000000       0.100290793355461     
   3.32000000000000       9.908229312758107E-002
   3.33000000000000       9.790045082515114E-002
   3.34000000000000       9.674423005448851E-002
   3.35000000000000       9.561477327862727E-002
   3.36000000000000       9.451588443736893E-002
   3.37000000000000       9.343935909289863E-002
   3.38000000000000       9.238419862172320E-002
   3.39000000000000       9.134944818281024E-002
   3.40000000000000       9.033413851253529E-002
   3.41000000000000       8.933735479190508E-002
   3.42000000000000       8.835817411257160E-002
   3.43000000000000       8.751026426116021E-002
   3.44000000000000       8.684935304044296E-002
   3.45000000000000       8.620679365516810E-002
   3.46000000000000       8.558193063989199E-002
   3.47000000000000       8.497700112154617E-002
   3.48000000000000       8.438997778912943E-002
   3.49000000000000       8.381874215821859E-002
   3.50000000000000       8.326268038532017E-002
   3.51000000000000       8.272118123763894E-002
   3.52000000000000       8.219366970777431E-002
   3.53000000000000       8.167954906887061E-002
   3.54000000000000       8.117826950957614E-002
   3.55000000000000       8.068925937322560E-002
   3.56000000000000       8.021195533355706E-002
   3.57000000000000       7.974581481912628E-002
   3.58000000000000       7.929032655914900E-002
   3.59000000000000       7.884495628555328E-002
   3.60000000000000       7.840919922979646E-002
   3.61000000000000       7.798255521958053E-002
   3.62000000000000       7.756455803873603E-002
   3.63000000000000       7.715471334657545E-002
   3.64000000000000       7.675256188965258E-002
   3.65000000000000       7.635767947786587E-002
   3.66000000000000       7.596961553308351E-002
   3.67000000000000       7.558794999670679E-002
   3.68000000000000       7.521227551691415E-002
   3.69000000000000       7.484219839801855E-002
   3.70000000000000       7.447733292000870E-002
   3.71000000000000       7.411731186600916E-002
   3.72000000000000       7.376178703878468E-002
   3.73000000000000       7.341039325317726E-002
   3.74000000000000       7.306280718317404E-002
   3.75000000000000       7.271871629580602E-002
   3.76000000000000       7.237780479509141E-002
   3.77000000000000       7.203979184388556E-002
   3.78000000000000       7.170940710215916E-002
   3.79000000000000       7.138135822426608E-002
   3.80000000000000       7.105538345951899E-002
   3.81000000000000       7.073121918075466E-002
   3.82000000000000       7.040864513799677E-002
   3.83000000000000       7.013589293422752E-002
   3.84000000000000       6.994236941739636E-002
   3.85000000000000       6.972108417094701E-002
   3.86000000000000       6.948232247457718E-002
   3.87000000000000       6.922190997775250E-002
   3.88000000000000       6.893453322883739E-002
   3.89000000000000       6.863272933894692E-002
   3.90000000000000       6.830852254417318E-002
   3.91000000000000       6.795881267872160E-002
   3.92000000000000       6.758997058628510E-002
   3.93000000000000       6.720602473700789E-002
   3.94000000000000       6.679820504260020E-002
   3.95000000000000       6.636717997690413E-002
   3.96000000000000       6.594897833780847E-002
   3.97000000000000       6.562998357628994E-002
   3.98000000000000       6.531374821767412E-002
   3.99000000000000       6.499647813602753E-002
   4.00000000000000       6.467809482658335E-002
   4.01000000000000       6.435853093751095E-002
   4.02000000000000       6.403772499570272E-002
   4.03000000000000       6.371560750918095E-002
   4.04000000000000       6.339212856570293E-002
   4.05000000000000       6.306725299830718E-002
   4.06000000000000       6.274091493213625E-002
   4.07000000000000       6.241311226444115E-002
   4.08000000000000       6.208378985987351E-002
   4.09000000000000       6.175292902777849E-002
   4.10000000000000       6.142052448872977E-002
   4.11000000000000       6.108799071526724E-002
   4.12000000000000       6.075762423474855E-002
   4.13000000000000       6.042561999375888E-002
   4.14000000000000       6.009197045874248E-002
   4.15000000000000       5.975666844626253E-002
   4.16000000000000       5.941973177388423E-002
   4.17000000000000       5.908115823279206E-002
   4.18000000000000       5.874096119639973E-002
   4.19000000000000       5.839915890922580E-002
   4.20000000000000       5.805576530150125E-002
   4.21000000000000       5.771080988093454E-002
   4.22000000000000       5.736903394631232E-002
   4.23000000000000       5.702587550056855E-002
   4.24000000000000       5.668117217168176E-002
   4.25000000000000       5.633494192913988E-002
   4.26000000000000       5.598721408844847E-002
   4.27000000000000       5.563803959207941E-002
   4.28000000000000       5.528745087866053E-002
   4.29000000000000       5.493547957228437E-002
   4.30000000000000       5.458622332228561E-002
   4.31000000000000       5.423619345759906E-002
   4.32000000000000       5.388484800896332E-002
   4.33000000000000       5.353222479432568E-002
   4.34000000000000       5.317838220253132E-002
   4.35000000000000       5.282335765996740E-002
   4.36000000000000       5.246720185795845E-002
   4.37000000000000       5.211278519609781E-002
   4.38000000000000       5.175880579251657E-002
   4.39000000000000       5.140378254867355E-002
   4.40000000000000       5.111114181792194E-002
   4.41000000000000       5.105792708195325E-002
   4.42000000000000       5.100460850599033E-002
   4.43000000000000       5.095112817339986E-002
   4.44000000000000       5.089745660635275E-002
   4.45000000000000       5.084353459400649E-002
   4.46000000000000       5.078931538546166E-002
   4.47000000000000       5.073478204622862E-002
   4.48000000000000       5.067986530048286E-002
   4.49000000000000       5.062455544072850E-002
   4.50000000000000       5.056879808670530E-002
   4.51000000000000       5.051256691225987E-002
   4.52000000000000       5.045581723601170E-002
   4.53000000000000       5.039854625215748E-002
   4.54000000000000       5.034069883503900E-002
   4.55000000000000       5.028225445298289E-002
   4.56000000000000       5.022319079397793E-002
   4.57000000000000       5.016347892860949E-002
   4.58000000000000       5.010309747880363E-002
   4.59000000000000       5.004202547560695E-002
   4.60000000000000       4.998023887716788E-002
   4.61000000000000       4.991771755748519E-002
   4.62000000000000       4.985445416529229E-002
   4.63000000000000       4.979040933673572E-002
   4.64000000000000       4.972559280190236E-002
   4.65000000000000       4.965996401766730E-002
   4.66000000000000       4.959353644322956E-002
   4.67000000000000       4.952627571597753E-002
   4.68000000000000       4.945818287427362E-002
   4.69000000000000       4.938923695642244E-002
   4.70000000000000       4.931944262911171E-002
   4.71000000000000       4.924877888017725E-002
   4.72000000000000       4.917724074146054E-002
   4.73000000000000       4.910482146756176E-002
   4.74000000000000       4.903151774641586E-002
   4.75000000000000       4.895732310941096E-002
   4.76000000000000       4.888223448884092E-002
   4.77000000000000       4.880624568352221E-002
   4.78000000000000       4.872936209812516E-002
   4.79000000000000       4.865334642108031E-002
   4.80000000000000       4.857669475335936E-002
   4.81000000000000       4.849913094141479E-002
   4.82000000000000       4.842065738624537E-002
   4.83000000000000       4.834126498808518E-002
   4.84000000000000       4.826095945142347E-002
   4.85000000000000       4.817974640167925E-002
   4.86000000000000       4.809762012356660E-002
   4.87000000000000       4.801458319732466E-002
   4.88000000000000       4.793064578952969E-002
   4.89000000000000       4.784580564553976E-002
   4.90000000000000       4.776007752382425E-002
   4.91000000000000       4.767344979333376E-002
   4.92000000000000       4.758594018997499E-002
   4.93000000000000       4.749754644687168E-002
   4.94000000000000       4.740828144346607E-002
   4.95000000000000       4.731815043438544E-002
   4.96000000000000       4.722715401272139E-002
   4.97000000000000       4.713530785774397E-002
   4.98000000000000       4.704261248026585E-002
   4.99000000000000       4.694907589804080E-002
   5.00000000000000       4.685471188911829E-002
   5.01000000000000       4.675952379501511E-002
   5.02000000000000       4.666351933244067E-002
   5.03000000000000       4.656671772458190E-002
   5.04000000000000       4.646911339861810E-002
   5.05000000000000       4.637072534906389E-002
   5.06000000000000       4.627156365593438E-002
   5.07000000000000       4.617162705505445E-002
   5.08000000000000       4.607094100452148E-002
   5.09000000000000       4.596951107753420E-002
   5.10000000000000       4.586734136293453E-002
   5.11000000000000       4.576444702113841E-002
   5.12000000000000       4.566083606917608E-002
   5.13000000000000       4.555652888816205E-002
   5.14000000000000       4.545152909107346E-002
   5.15000000000000       4.534584307598537E-002
   5.16000000000000       4.523949196690555E-002
   5.17000000000000       4.513247787288861E-002
   5.18000000000000       4.502481756139210E-002
   5.19000000000000       4.491652360985558E-002
   5.20000000000000       4.480760961090528E-002
   5.21000000000000       4.469807731417805E-002
   5.22000000000000       4.458795204356689E-002
   5.23000000000000       4.447723914337068E-002
   5.24000000000000       4.436594394014212E-002
   5.25000000000000       4.425408730308472E-002
   5.26000000000000       4.414168179827266E-002
   5.27000000000000       4.402873124369847E-002
   5.28000000000000       4.391525696402306E-002
   5.29000000000000       4.380126254850344E-002
   5.30000000000000       4.368748093187008E-002
   5.31000000000000       4.357420475177733E-002
   5.32000000000000       4.346043147568331E-002
   5.33000000000000       4.334617526556405E-002
   5.34000000000000       4.323144807706939E-002
   5.35000000000000       4.311625146870753E-002
   5.36000000000000       4.300061551591536E-002
   5.37000000000000       4.288453284286165E-002
   5.38000000000000       4.276803304956834E-002
   5.39000000000000       4.265111623508341E-002
   5.40000000000000       4.253379793012996E-002
   5.41000000000000       4.241608839054269E-002
   5.42000000000000       4.229800594225859E-002
   5.43000000000000       4.217955709745958E-002
   5.44000000000000       4.206074991297223E-002
   5.45000000000000       4.194159902544031E-002
   5.46000000000000       4.182211883410726E-002
   5.47000000000000       4.170231858025691E-002
   5.48000000000000       4.158221069710143E-002
   5.49000000000000       4.146180254300732E-002
   5.50000000000000       4.134111114257217E-002
   5.51000000000000       4.122014672552388E-002
   5.52000000000000       4.109890836108438E-002
   5.53000000000000       4.097742686011357E-002
   5.54000000000000       4.085570090312361E-002
   5.55000000000000       4.073374193432566E-002
   5.56000000000000       4.061156579657374E-002
   5.57000000000000       4.048917882747195E-002
   5.58000000000000       4.036659036983721E-002
   5.59000000000000       4.024381602345017E-002
   5.60000000000000       4.012086148270939E-002
   5.61000000000000       3.999773435119115E-002
   5.62000000000000       3.987445705819320E-002
   5.63000000000000       3.975102631428323E-002
   5.64000000000000       3.962745661695388E-002
   5.65000000000000       3.950375927961355E-002
   5.66000000000000       3.937994592862702E-002
   5.67000000000000       3.925602417178389E-002
   5.68000000000000       3.913199966070075E-002
   5.69000000000000       3.900788149893331E-002
   5.70000000000000       3.888368935786667E-002
   5.71000000000000       3.875942347420117E-002
   5.72000000000000       3.863509866699002E-002
   5.73000000000000       3.851071123620356E-002
   5.74000000000000       3.838628681508280E-002
   5.75000000000000       3.826182254732902E-002
   5.76000000000000       3.813733439625180E-002
   5.77000000000000       3.801282485321458E-002
   5.78000000000000       3.788830251163768E-002
   5.79000000000000       3.776378383409381E-002
   5.80000000000000       3.763926834485493E-002
   5.81000000000000       3.751476432292683E-002
   5.82000000000000       3.739029035802127E-002
   5.83000000000000       3.726583796750627E-002
   5.84000000000000       3.714142979548871E-002
   5.85000000000000       3.701706245476102E-002
   5.86000000000000       3.689275134867816E-002
   5.87000000000000       3.676872174629446E-002
   5.88000000000000       3.664563650970323E-002
   5.89000000000000       3.652261064703542E-002
   5.90000000000000       3.639965166592646E-002
   5.91000000000000       3.627677256876397E-002
   5.92000000000000       3.615397151633989E-002
   5.93000000000000       3.603126061665444E-002
   5.94000000000000       3.590864698981015E-002
   5.95000000000000       3.578613889578668E-002
   5.96000000000000       3.566372962330945E-002
   5.97000000000000       3.554144912014272E-002
   5.98000000000000       3.541927940761048E-002
   5.99000000000000       3.529724360494522E-002
   6.00000000000000       3.517534414864777E-002
