          0.000      1.0584000
          0.100      2.3520000
          0.200      2.3520000
          0.201      2.3414661
          0.202      2.3310312
          0.203      2.3206940
          0.204      2.3104532
          0.205      2.3003072
          0.206      2.2902549
          0.207      2.2802949
          0.208      2.2704258
          0.209      2.2606465
          0.210      2.2509557
          0.211      2.2413522
          0.212      2.2318348
          0.213      2.2224023
          0.214      2.2130536
          0.215      2.2037875
          0.216      2.1946029
          0.217      2.1854987
          0.218      2.1764740
          0.219      2.1675275
          0.220      2.1586583
          0.221      2.1498654
          0.222      2.1411478
          0.223      2.1325044
          0.224      2.1239344
          0.225      2.1154368
          0.226      2.1070106
          0.227      2.0986550
          0.228      2.0903690
          0.229      2.0821518
          0.230      2.0740025
          0.231      2.0659202
          0.232      2.0579041
          0.233      2.0499534
          0.234      2.0420673
          0.235      2.0342449
          0.236      2.0264856
          0.237      2.0187884
          0.238      2.0111528
          0.239      2.0035778
          0.240      1.9960628
          0.241      1.9886071
          0.242      1.9812099
          0.243      1.9738706
          0.244      1.9665884
          0.245      1.9593627
          0.246      1.9521929
          0.247      1.9450782
          0.248      1.9380180
          0.249      1.9310117
          0.250      1.9240587
          0.251      1.9171583
          0.252      1.9103099
          0.253      1.9035130
          0.254      1.8967670
          0.255      1.8900712
          0.256      1.8834251
          0.257      1.8768282
          0.258      1.8702798
          0.259      1.8637795
          0.260      1.8573267
          0.261      1.8509209
          0.262      1.8445616
          0.263      1.8382482
          0.264      1.8319802
          0.265      1.8257572
          0.266      1.8195787
          0.267      1.8134442
          0.268      1.8073531
          0.269      1.8013051
          0.270      1.7952996
          0.271      1.7893362
          0.272      1.7834146
          0.273      1.7775341
          0.274      1.7716944
          0.275      1.7658951
          0.276      1.7601357
          0.277      1.7544158
          0.278      1.7487350
          0.279      1.7430929
          0.280      1.7374891
          0.281      1.7319232
          0.282      1.7263948
          0.283      1.7209035
          0.284      1.7154490
          0.285      1.7100309
          0.286      1.7046487
          0.287      1.6993022
          0.288      1.6939909
          0.289      1.6887146
          0.290      1.6834729
          0.291      1.6782654
          0.292      1.6730917
          0.293      1.6679517
          0.294      1.6628448
          0.295      1.6577709
          0.296      1.6527295
          0.297      1.6477204
          0.298      1.6427432
          0.299      1.6377977
          0.300      1.6328835
          0.310      1.5853998
          0.320      1.5407399
          0.330      1.4986554
          0.340      1.4589261
          0.350      1.4213567
          0.360      1.3857729
          0.370      1.3520189
          0.380      1.3199549
          0.390      1.2894550
          0.400      1.2604056
          0.410      1.2327041
          0.420      1.2062573
          0.430      1.1809805
          0.440      1.1567964
          0.450      1.1336345
          0.460      1.1114304
          0.470      1.0901249
          0.480      1.0696636
          0.490      1.0499965
          0.500      1.0310775
          0.510      1.0128641
          0.520      0.9953168
          0.530      0.9783991
          0.540      0.9620773
          0.550      0.9463198
          0.560      0.9310974
          0.570      0.9163829
          0.580      0.9021508
          0.590      0.8883774
          0.600      0.8750406
          0.610      0.8621195
          0.620      0.8495947
          0.630      0.8374480
          0.640      0.8256621
          0.650      0.8142210
          0.660      0.8031096
          0.670      0.7923134
          0.680      0.7818192
          0.690      0.7716141
          0.700      0.7616862
          0.710      0.7520242
          0.720      0.7426173
          0.730      0.7334555
          0.740      0.7245290
          0.750      0.7158289
          0.760      0.7073463
          0.770      0.6990733
          0.780      0.6910018
          0.790      0.6831247
          0.800      0.6754347
          0.810      0.6679252
          0.820      0.6605898
          0.830      0.6534225
          0.840      0.6464173
          0.850      0.6395689
          0.860      0.6328718
          0.870      0.6263211
          0.880      0.6199118
          0.890      0.6136395
          0.900      0.6074997
          0.910      0.6014882
          0.920      0.5956008
          0.930      0.5898338
          0.940      0.5841835
          0.950      0.5786462
          0.960      0.5732185
          0.970      0.5678973
          0.980      0.5626792
          0.990      0.5575614
          1.000      0.5525408
          1.010      0.5476147
          1.020      0.5516000
          1.030      0.5511296
          1.040      0.5506592
          1.050      0.5501888
          1.060      0.5497184
          1.070      0.5492480
          1.080      0.5487776
          1.090      0.5483072
          1.100      0.5478368
          1.110      0.5473664
          1.120      0.5468960
          1.130      0.5464256
          1.140      0.5459552
          1.150      0.5454848
          1.160      0.5450144
          1.170      0.5445440
          1.180      0.5440736
          1.190      0.5436032
          1.200      0.5431328
          1.210      0.5426624
          1.220      0.5421920
          1.230      0.5417216
          1.240      0.5412512
          1.250      0.5407808
          1.260      0.5403104
          1.270      0.5398400
          1.280      0.5393696
          1.290      0.5388992
          1.300      0.5384288
          1.310      0.5379584
          1.320      0.5374880
          1.330      0.5370176
          1.340      0.5365472
          1.350      0.5360768
          1.360      0.5356064
          1.370      0.5351360
          1.380      0.5346656
          1.390      0.5341952
          1.400      0.5337248
          1.410      0.5332544
          1.420      0.5327840
          1.430      0.5323136
          1.440      0.5318432
          1.450      0.5313728
          1.460      0.5309024
          1.470      0.5304320
          1.480      0.5299616
          1.490      0.5294912
          1.500      0.5290208
          1.510      0.5285504
          1.520      0.5280800
          1.530      0.5276096
          1.540      0.5271392
          1.550      0.5266688
          1.560      0.5261984
          1.570      0.5257280
          1.580      0.5252576
          1.590      0.5247872
          1.600      0.5243168
          1.610      0.5238464
          1.620      0.5233760
          1.630      0.5229056
          1.640      0.5224352
          1.650      0.5219648
          1.660      0.5214944
          1.670      0.5210240
          1.680      0.5205536
          1.690      0.5200832
          1.700      0.5196128
          1.710      0.5191424
          1.720      0.5186720
          1.730      0.5182016
          1.740      0.5177312
          1.750      0.5172608
          1.760      0.5167904
          1.770      0.5163200
          1.780      0.5158496
          1.790      0.5153792
          1.800      0.5149088
          1.810      0.5144384
          1.820      0.5139680
          1.830      0.5134976
          1.840      0.5130272
          1.850      0.5125568
          1.860      0.5120864
          1.870      0.5116160
          1.880      0.5111456
          1.890      0.5106752
          1.900      0.5102048
          1.910      0.5097344
          1.920      0.5092640
          1.930      0.5087936
          1.940      0.5083232
          1.950      0.5078528
          1.960      0.5073824
          1.970      0.5069120
          1.980      0.5064416
          1.990      0.5059712
          2.000      0.5055008
          2.010      0.5050304
          2.020      0.5045600
          2.030      0.5040896
          2.040      0.5036192
          2.050      0.5031488
          2.060      0.5026784
          2.070      0.5022080
          2.080      0.5017376
          2.090      0.5012672
          2.100      0.5007968
          2.110      0.5003264
          2.120      0.4998560
          2.130      0.4993856
          2.140      0.4989152
          2.150      0.4984448
          2.160      0.4979744
          2.170      0.4975040
          2.180      0.4970336
          2.190      0.4965632
          2.200      0.4960928
          2.210      0.4956224
          2.220      0.4951520
          2.230      0.4946816
          2.240      0.4942112
          2.250      0.4937408
          2.260      0.4932704
          2.270      0.4928000
          2.280      0.4923296
          2.290      0.4918592
          2.300      0.4913888
          2.310      0.4909184
          2.320      0.4904480
          2.330      0.4899776
          2.340      0.4895072
          2.350      0.4890368
          2.360      0.4885664
          2.370      0.4880960
          2.380      0.4876256
          2.390      0.4871552
          2.400      0.4866848
          2.410      0.4862144
          2.420      0.4857440
          2.430      0.4852736
          2.440      0.4848032
          2.450      0.4843328
          2.460      0.4838624
          2.470      0.4833920
          2.480      0.4829216
          2.490      0.4824512
          2.500      0.4819808
          2.510      0.4815104
          2.520      0.4810400
          2.530      0.4805696
          2.540      0.4800992
          2.550      0.4796288
          2.560      0.4791584
          2.570      0.4786880
          2.580      0.4782176
          2.590      0.4777472
          2.600      0.4772768
          2.610      0.4768064
          2.620      0.4763360
          2.630      0.4758656
          2.640      0.4753952
          2.650      0.4749248
          2.660      0.4744544
          2.670      0.4739840
          2.680      0.4735136
          2.690      0.4730432
          2.700      0.4725728
          2.710      0.4721024
          2.720      0.4716320
          2.730      0.4711616
          2.740      0.4706912
          2.750      0.4702208
          2.760      0.4697504
          2.770      0.4692800
          2.780      0.4688096
          2.790      0.4683392
          2.800      0.4678688
          2.810      0.4673984
          2.820      0.4669280
          2.830      0.4664576
          2.840      0.4659872
          2.850      0.4655168
          2.860      0.4650464
          2.870      0.4645760
          2.880      0.4641056
          2.890      0.4636352
          2.900      0.4631648
          2.910      0.4626944
          2.920      0.4622240
          2.930      0.4617536
          2.940      0.4612832
          2.950      0.4608128
          2.960      0.4603424
          2.970      0.4598720
          2.980      0.4594016
          2.990      0.4589312
          3.000      0.4584608
          3.010      0.4579904
          3.020      0.4575200
          3.030      0.4570496
          3.040      0.4565792
          3.050      0.4561088
          3.060      0.4556384
          3.070      0.4551680
          3.080      0.4546976
          3.090      0.4542272
          3.100      0.4537568
          3.110      0.4532864
          3.120      0.4528160
          3.130      0.4523456
          3.140      0.4518752
          3.150      0.4514048
          3.160      0.4509344
          3.170      0.4504640
          3.180      0.4499936
          3.190      0.4495232
          3.200      0.4490528
          3.210      0.4485824
          3.220      0.4481120
          3.230      0.4476416
          3.240      0.4471712
          3.250      0.4467008
          3.260      0.4462304
          3.270      0.4457600
          3.280      0.4452896
          3.290      0.4448192
          3.300      0.4443488
          3.310      0.4438784
          3.320      0.4434080
          3.330      0.4429376
          3.340      0.4424672
          3.350      0.4419968
          3.360      0.4415264
          3.370      0.4410560
          3.380      0.4405856
          3.390      0.4401152
          3.400      0.4396448
          3.410      0.4391744
          3.420      0.4387040
          3.430      0.4382336
          3.440      0.4377632
          3.450      0.4372928
          3.460      0.4368224
          3.470      0.4363520
          3.480      0.4358816
          3.490      0.4354112
          3.500      0.4349408
          3.510      0.4344704
          3.520      0.4340000
          3.530      0.4335296
          3.540      0.4330592
          3.550      0.4325888
          3.560      0.4321184
          3.570      0.4316480
          3.580      0.4311776
          3.590      0.4307072
          3.600      0.4302368
          3.610      0.4297664
          3.620      0.4292960
          3.630      0.4288256
          3.640      0.4283552
          3.650      0.4278848
          3.660      0.4274144
          3.670      0.4269440
          3.680      0.4264736
          3.690      0.4260032
          3.700      0.4255328
          3.710      0.4250624
          3.720      0.4245920
          3.730      0.4241216
          3.740      0.4236512
          3.750      0.4231808
          3.760      0.4227104
          3.770      0.4222400
          3.780      0.4217696
          3.790      0.4212992
          3.800      0.4208288
          3.810      0.4203584
          3.820      0.4198880
          3.830      0.4194176
          3.840      0.4189472
          3.850      0.4184768
          3.860      0.4180064
          3.870      0.4175360
          3.880      0.4170656
          3.890      0.4165952
          3.900      0.4161248
          3.910      0.4156544
          3.920      0.4151840
          3.930      0.4147136
          3.940      0.4142432
          3.950      0.4137728
          3.960      0.4133024
          3.970      0.4128320
          3.980      0.4123616
          3.990      0.4118912
          4.000      0.4114208
          4.010      0.4109504
          4.020      0.4104800
          4.030      0.4100096
          4.040      0.4095392
          4.050      0.4090688
          4.060      0.4085984
          4.070      0.4081280
          4.080      0.4076576
          4.090      0.4071872
          4.100      0.4067168
          4.110      0.4062464
          4.120      0.4057760
          4.130      0.4053056
          4.140      0.4048352
          4.150      0.4043648
          4.160      0.4038944
          4.170      0.4034240
          4.180      0.4029536
          4.190      0.4024832
          4.200      0.4020128
          4.210      0.4015424
          4.220      0.4010720
          4.230      0.4006016
          4.240      0.4001312
          4.250      0.3996608
          4.260      0.3991904
          4.270      0.3987200
          4.280      0.3982496
          4.290      0.3977792
          4.300      0.3973088
          4.310      0.3968384
          4.320      0.3963680
          4.330      0.3958976
          4.340      0.3954272
          4.350      0.3949568
          4.360      0.3944864
          4.370      0.3940160
          4.380      0.3935456
          4.390      0.3930752
          4.400      0.3926048
          4.410      0.3921344
          4.420      0.3916640
          4.430      0.3911936
          4.440      0.3907232
          4.450      0.3902528
          4.460      0.3897824
          4.470      0.3893120
          4.480      0.3888416
          4.490      0.3883712
          4.500      0.3879008
          4.510      0.3874304
          4.520      0.3869600
          4.530      0.3864896
          4.540      0.3860192
          4.550      0.3855488
          4.560      0.3850784
          4.570      0.3846080
          4.580      0.3841376
          4.590      0.3836672
          4.600      0.3831968
          4.610      0.3827264
          4.620      0.3822560
          4.630      0.3817856
          4.640      0.3813152
          4.650      0.3808448
          4.660      0.3803744
          4.670      0.3799040
          4.680      0.3794336
          4.690      0.3789632
          4.700      0.3784928
          4.710      0.3780224
          4.720      0.3775520
          4.730      0.3770816
          4.740      0.3766112
          4.750      0.3761408
          4.760      0.3756704
          4.770      0.3752000
          4.780      0.3747296
          4.790      0.3742592
          4.800      0.3737888
          4.810      0.3733184
          4.820      0.3728480
          4.830      0.3723776
          4.840      0.3719072
          4.850      0.3714368
          4.860      0.3709664
          4.870      0.3704960
          4.880      0.3700256
          4.890      0.3695552
          4.900      0.3690848
          4.910      0.3686144
          4.920      0.3681440
          4.930      0.3676736
          4.940      0.3672032
          4.950      0.3667328
          4.960      0.3662624
          4.970      0.3657920
          4.980      0.3653216
          4.990      0.3648512
          5.000      0.3643808
          5.010      0.3639104
          5.020      0.3634400
          5.030      0.3629696
          5.040      0.3624992
          5.050      0.3620288
          5.060      0.3615584
          5.070      0.3610880
          5.080      0.3606176
          5.090      0.3601472
          5.100      0.3596768
          5.110      0.3592064
          5.120      0.3587360
          5.130      0.3582656
          5.140      0.3577952
          5.150      0.3573248
          5.160      0.3568544
          5.170      0.3563840
          5.180      0.3559136
          5.190      0.3554432
          5.200      0.3549728
          5.210      0.3545024
          5.220      0.3540320
          5.230      0.3535616
          5.240      0.3530912
          5.250      0.3526208
          5.260      0.3521504
          5.270      0.3516800
          5.280      0.3512096
          5.290      0.3507392
          5.300      0.3502688
          5.310      0.3497984
          5.320      0.3493280
          5.330      0.3488576
          5.340      0.3483872
          5.350      0.3479168
          5.360      0.3474464
          5.370      0.3469760
          5.380      0.3465056
          5.390      0.3460352
          5.400      0.3455648
          5.410      0.3450944
          5.420      0.3446240
          5.430      0.3441536
          5.440      0.3436832
          5.450      0.3432128
          5.460      0.3427424
          5.470      0.3422720
          5.480      0.3418016
          5.490      0.3413312
          5.500      0.3408608
          5.510      0.3403904
          5.520      0.3399200
          5.530      0.3394496
          5.540      0.3389792
          5.550      0.3385088
          5.560      0.3380384
          5.570      0.3375680
          5.580      0.3370976
          5.590      0.3366272
          5.600      0.3361568
          5.610      0.3356864
          5.620      0.3352160
          5.630      0.3347456
          5.640      0.3342752
          5.650      0.3338048
          5.660      0.3333344
          5.670      0.3328640
          5.680      0.3323936
          5.690      0.3319232
          5.700      0.3314528
          5.710      0.3309824
          5.720      0.3305120
          5.730      0.3300416
          5.740      0.3295712
          5.750      0.3291008
          5.760      0.3286304
          5.770      0.3281600
          5.780      0.3276896
          5.790      0.3272192
          5.800      0.3267488
          5.810      0.3262784
          5.820      0.3258080
          5.830      0.3253376
          5.840      0.3248672
          5.850      0.3243968
          5.860      0.3239264
          5.870      0.3234560
          5.880      0.3229856
          5.890      0.3225152
          5.900      0.3220448
          5.910      0.3215744
          5.920      0.3211040
          5.930      0.3206336
          5.940      0.3201632
          5.950      0.3196928
          5.960      0.3192224
          5.970      0.3187520
          5.980      0.3182816
          5.990      0.3178112
          6.000      0.3173408
