  1.000000000000000E-002   5.38020868584219     
  2.000000000000000E-002  0.744383810178143     
  3.000000000000000E-002  0.752938997739475     
  4.000000000000000E-002  0.771588622365014     
  5.000000000000000E-002  0.788525560575420     
  6.000000000000000E-002  0.862739667638746     
  7.000000000000001E-002  0.908976645948023     
  8.000000000000000E-002  0.865790957617073     
  9.000000000000000E-002  0.969493412730694     
  0.100000000000000        1.01650695364341     
  0.110000000000000        1.07208031874229     
  0.120000000000000        1.20161153071241     
  0.130000000000000        1.46474895545410     
  0.140000000000000        1.91096501435337     
  0.150000000000000        2.08644568047862     
  0.160000000000000        2.34766958619552     
  0.170000000000000        3.01345356231800     
  0.180000000000000        3.73878249262654     
  0.190000000000000        4.23734744913295     
  0.200000000000000        4.31690887596754     
  0.210000000000000        4.81111359838191     
  0.220000000000000        3.83273417381839     
  0.230000000000000        2.92083987205521     
  0.240000000000000        2.77721512664757     
  0.250000000000000        2.48311586547873     
  0.260000000000000        2.31166519271749     
  0.270000000000000        2.09484990153819     
  0.280000000000000        1.65753717602327     
  0.290000000000000        1.28299881315569     
  0.300000000000000        1.24311976968245     
  0.310000000000000        1.09136395865437     
  0.320000000000000        1.01965013407978     
  0.330000000000000        1.05093490341534     
  0.340000000000000        1.05139178429264     
  0.350000000000000        1.03847756708953     
  0.360000000000000        1.06902478058689     
  0.370000000000000       0.972564163233231     
  0.380000000000000       0.799580615210573     
  0.390000000000000       0.636229586045696     
  0.400000000000000       0.511483527802797     
  0.410000000000000       0.553622121265078     
  0.420000000000000       0.645847272123961     
  0.430000000000000       0.678646213476321     
  0.440000000000000       0.732083636521437     
  0.450000000000000       0.653911433855003     
  0.460000000000000       0.465404698774843     
  0.470000000000000       0.354689637615602     
  0.480000000000000       0.336805346938453     
  0.490000000000000       0.365599628316489     
  0.500000000000000       0.400051128391015     
  0.510000000000000       0.436344780528709     
  0.520000000000000       0.481975668416913     
  0.530000000000000       0.468830190892036     
  0.540000000000000       0.473443209010119     
  0.550000000000000       0.473064968028690     
  0.560000000000000       0.431406536602123     
  0.570000000000000       0.378424046368472     
  0.580000000000000       0.335383005119530     
  0.590000000000000       0.303542114593504     
  0.600000000000000       0.334185420377637     
  0.610000000000000       0.370113297344811     
  0.620000000000000       0.387842304347198     
  0.630000000000000       0.411042639882819     
  0.640000000000000       0.411370094849530     
  0.650000000000000       0.396599609197895     
  0.660000000000000       0.379769114821700     
  0.670000000000000       0.368075282142176     
  0.680000000000000       0.363941251765403     
  0.690000000000000       0.368768332408942     
  0.700000000000000       0.403089085440541     
  0.710000000000000       0.419853535338432     
  0.720000000000000       0.414431494065943     
  0.730000000000000       0.390927636617812     
  0.740000000000000       0.358840954033549     
  0.750000000000000       0.327762789492244     
  0.760000000000000       0.321561810496689     
  0.770000000000000       0.315892123757861     
  0.780000000000000       0.303354270784345     
  0.790000000000000       0.295435966668383     
  0.800000000000000       0.281483733469004     
  0.810000000000000       0.279824057937976     
  0.820000000000000       0.287668221706087     
  0.830000000000000       0.290226771454180     
  0.840000000000000       0.279063420611527     
  0.850000000000000       0.256933316058290     
  0.860000000000000       0.234714169259904     
  0.870000000000000       0.224369382069138     
  0.880000000000000       0.227881337834144     
  0.890000000000000       0.240220895306236     
  0.900000000000000       0.254104688309955     
  0.910000000000000       0.262996036732155     
  0.920000000000000       0.262100251801064     
  0.930000000000000       0.252638443239420     
  0.940000000000000       0.238028125117810     
  0.950000000000000       0.225400132451346     
  0.960000000000000       0.220478828213261     
  0.970000000000000       0.221747719804129     
  0.980000000000000       0.228323483332356     
  0.990000000000000       0.234816493648636     
   1.00000000000000       0.238231002526785     
   1.01000000000000       0.237385113938139     
   1.02000000000000       0.238196966010960     
   1.03000000000000       0.236041239640115     
   1.04000000000000       0.229846022621584     
   1.05000000000000       0.221402766063056     
   1.06000000000000       0.213478666743979     
   1.07000000000000       0.208957862009114     
   1.08000000000000       0.209433316303101     
   1.09000000000000       0.214182146301230     
   1.10000000000000       0.221286957588158     
   1.11000000000000       0.228439281360904     
   1.12000000000000       0.233532488681735     
   1.13000000000000       0.235301652376173     
   1.14000000000000       0.233773711073395     
   1.15000000000000       0.229587243856037     
   1.16000000000000       0.223884957636358     
   1.17000000000000       0.218194111498584     
   1.18000000000000       0.214744641566287     
   1.19000000000000       0.213667658582413     
   1.20000000000000       0.215489747022653     
   1.21000000000000       0.219996343626761     
   1.22000000000000       0.225987947767930     
   1.23000000000000       0.231476689402722     
   1.24000000000000       0.234751798352308     
   1.25000000000000       0.236226074294812     
   1.26000000000000       0.234573524284101     
   1.27000000000000       0.229548632884146     
   1.28000000000000       0.224198820112273     
   1.29000000000000       0.228709478256943     
   1.30000000000000       0.232142307034281     
   1.31000000000000       0.235608279958378     
   1.32000000000000       0.239834108093718     
   1.33000000000000       0.244861953505248     
   1.34000000000000       0.249742593128008     
   1.35000000000000       0.253278458937690     
   1.36000000000000       0.254440364153752     
   1.37000000000000       0.252983782259843     
   1.38000000000000       0.249269116944532     
   1.39000000000000       0.244089264481299     
   1.40000000000000       0.238464120819538     
   1.41000000000000       0.233101243480633     
   1.42000000000000       0.228835407116430     
   1.43000000000000       0.229679809199924     
   1.44000000000000       0.230452436585720     
   1.45000000000000       0.230362830241524     
   1.46000000000000       0.228608097644260     
   1.47000000000000       0.229895694223688     
   1.48000000000000       0.229289156673425     
   1.49000000000000       0.226847217217111     
   1.50000000000000       0.223274534225637     
   1.51000000000000       0.219704089720280     
   1.52000000000000       0.217216212197347     
   1.53000000000000       0.216547945023027     
   1.54000000000000       0.217820256121056     
   1.55000000000000       0.220413139341979     
   1.56000000000000       0.223471135796587     
   1.57000000000000       0.226145196041410     
   1.58000000000000       0.227833450195630     
   1.59000000000000       0.228250796686899     
   1.60000000000000       0.227444319895747     
   1.61000000000000       0.225576379381462     
   1.62000000000000       0.222992920938374     
   1.63000000000000       0.220269760046125     
   1.64000000000000       0.218080977717274     
   1.65000000000000       0.217030452298138     
   1.66000000000000       0.217528592604579     
   1.67000000000000       0.219364859868006     
   1.68000000000000       0.222023283981156     
   1.69000000000000       0.224740800708870     
   1.70000000000000       0.226750545960250     
   1.71000000000000       0.227529153436061     
   1.72000000000000       0.226966696702779     
   1.73000000000000       0.225341458131576     
   1.74000000000000       0.223083819368167     
   1.75000000000000       0.220804208951586     
   1.76000000000000       0.219072819364967     
   1.77000000000000       0.218313597756637     
   1.78000000000000       0.218728291207309     
   1.79000000000000       0.220115281820303     
   1.80000000000000       0.222091197038293     
   1.81000000000000       0.224141140766642     
   1.82000000000000       0.225755664430772     
   1.83000000000000       0.226555563411548     
   1.84000000000000       0.226374678037722     
   1.85000000000000       0.225339405034270     
   1.86000000000000       0.223670915994579     
   1.87000000000000       0.221785704913047     
   1.88000000000000       0.220147708548894     
   1.89000000000000       0.219149381172374     
   1.90000000000000       0.219071559740071     
   1.91000000000000       0.219877487327978     
   1.92000000000000       0.221347380169472     
   1.93000000000000       0.223111865140218     
   1.94000000000000       0.224735240624125     
   1.95000000000000       0.225823065799625     
   1.96000000000000       0.226120708783550     
   1.97000000000000       0.225592751655369     
   1.98000000000000       0.224398629670789     
   1.99000000000000       0.222807019628777     
   2.00000000000000       0.221198696413542     
   2.01000000000000       0.219936159256475     
   2.02000000000000       0.219347623777793     
   2.03000000000000       0.219637902055455     
   2.04000000000000       0.220478235081000     
   2.05000000000000       0.221668887014374     
   2.06000000000000       0.222991052924445     
   2.07000000000000       0.224376366637026     
   2.08000000000000       0.225389297986836     
   2.09000000000000       0.225845212518993     
   2.10000000000000       0.225673407320720     
   2.11000000000000       0.224952540727700     
   2.12000000000000       0.223808513459406     
   2.13000000000000       0.222461249479560     
   2.14000000000000       0.221170645400963     
   2.15000000000000       0.220177117968818     
   2.16000000000000       0.219667389737024     
   2.17000000000000       0.219739567840937     
   2.18000000000000       0.220339892291241     
   2.19000000000000       0.221344841076340     
   2.20000000000000       0.222563719434729     
   2.21000000000000       0.223775250094265     
   2.22000000000000       0.224766684841850     
   2.23000000000000       0.225368743471539     
   2.24000000000000       0.225482217002341     
   2.25000000000000       0.225097403702834     
   2.26000000000000       0.224302103867100     
   2.27000000000000       0.223212264404581     
   2.28000000000000       0.222024704601065     
   2.29000000000000       0.220955323977139     
   2.30000000000000       0.220198820026324     
   2.31000000000000       0.219913366211108     
   2.32000000000000       0.220135875585403     
   2.33000000000000       0.220809045396021     
   2.34000000000000       0.221801529839750     
   2.35000000000000       0.222928049335578     
   2.36000000000000       0.223986928387615     
   2.37000000000000       0.224799035870708     
   2.38000000000000       0.225238896847617     
   2.39000000000000       0.225252360316649     
   2.40000000000000       0.224863657732217     
   2.41000000000000       0.224163853049418     
   2.42000000000000       0.223252524806082     
   2.43000000000000       0.222271137985890     
   2.44000000000000       0.221360880332483     
   2.45000000000000       0.220645601300642     
   2.46000000000000       0.220224908277776     
   2.47000000000000       0.220162117004375     
   2.48000000000000       0.220447404669178     
   2.49000000000000       0.221039722961428     
   2.50000000000000       0.221857073810545     
   2.51000000000000       0.222785952793138     
   2.52000000000000       0.223695535251438     
   2.53000000000000       0.224455022090271     
   2.54000000000000       0.224952477857878     
   2.55000000000000       0.225112219938686     
   2.56000000000000       0.224907817344145     
   2.57000000000000       0.224381668007857     
   2.58000000000000       0.223600919618327     
   2.59000000000000       0.222677903403434     
   2.60000000000000       0.221753021737083     
   2.61000000000000       0.220965781625627     
   2.62000000000000       0.220433268264707     
   2.63000000000000       0.220252722625968     
   2.64000000000000       0.220428719596838     
   2.65000000000000       0.220930327042826     
   2.66000000000000       0.221679635455522     
   2.67000000000000       0.222564630626375     
   2.68000000000000       0.223456398294083     
   2.69000000000000       0.224228437190715     
   2.70000000000000       0.224774573543523     
   2.71000000000000       0.225023393678156     
   2.72000000000000       0.224946598585960     
   2.73000000000000       0.224566109325926     
   2.74000000000000       0.223944125382755     
   2.75000000000000       0.223154506768285     
   2.76000000000000       0.222303824014434     
   2.77000000000000       0.221503457967893     
   2.78000000000000       0.220855364250287     
   2.79000000000000       0.220444167105247     
   2.80000000000000       0.220328126505389     
   2.81000000000000       0.220506249255447     
   2.82000000000000       0.220952218877920     
   2.83000000000000       0.221607369143517     
   2.84000000000000       0.222388539066567     
   2.85000000000000       0.223199046014311     
   2.86000000000000       0.223940779308876     
   2.87000000000000       0.224525850315552     
   2.88000000000000       0.224886973303039     
   2.89000000000000       0.224984432259781     
   2.90000000000000       0.224810195849875     
   2.91000000000000       0.224395572294607     
   2.92000000000000       0.223787472525547     
   2.93000000000000       0.223050762870765     
   2.94000000000000       0.222270727453467     
   2.95000000000000       0.221536144476509     
   2.96000000000000       0.220929314425693     
   2.97000000000000       0.220519061076648     
   2.98000000000000       0.220360609790351     
   2.99000000000000       0.220457693320786     
   3.00000000000000       0.220796984244380     
   3.01000000000000       0.221338842965548     
   3.02000000000000       0.222022495086964     
   3.03000000000000       0.222772892134147     
   3.04000000000000       0.223509355188566     
   3.05000000000000       0.224154046988968     
   3.06000000000000       0.224640188039704     
   3.07000000000000       0.224918497404918     
   3.08000000000000       0.224962036020264     
   3.09000000000000       0.224768163039229     
   3.10000000000000       0.224366223212324     
   3.11000000000000       0.223793858582074     
   3.12000000000000       0.223105126236887     
   3.13000000000000       0.222370384826126     
   3.14000000000000       0.221664031755213     
   3.15000000000000       0.221056934871915     
   3.16000000000000       0.220609363138384     
   3.17000000000000       0.220376778568500     
   3.18000000000000       0.220373471344286     
   3.19000000000000       0.220596808088507     
   3.20000000000000       0.221023785699029     
   3.21000000000000       0.221611686426341     
   3.22000000000000       0.222302584210822     
   3.23000000000000       0.223029200179489     
   3.24000000000000       0.223721581118199     
   3.25000000000000       0.224313842448870     
   3.26000000000000       0.224750483263276     
   3.27000000000000       0.224991491866191     
   3.28000000000000       0.225015909280302     
   3.29000000000000       0.224823462275303     
   3.30000000000000       0.224441047566921     
   3.31000000000000       0.223901191980127     
   3.32000000000000       0.223249728689547     
   3.33000000000000       0.222546191275488     
   3.34000000000000       0.221853553270154     
   3.35000000000000       0.221232664450523     
   3.36000000000000       0.220736902956003     
   3.37000000000000       0.220412344700590     
   3.38000000000000       0.220290149551560     
   3.39000000000000       0.220372363346427     
   3.40000000000000       0.220650864412043     
   3.41000000000000       0.221101325174057     
   3.42000000000000       0.221685389438242     
   3.43000000000000       0.222353898224132     
   3.44000000000000       0.223051065466694     
   3.45000000000000       0.223718953301226     
   3.46000000000000       0.224302214229794     
   3.47000000000000       0.224752630571992     
   3.48000000000000       0.225032808201331     
   3.49000000000000       0.225119486797215     
   3.50000000000000       0.225005208028691     
   3.51000000000000       0.224701973663477     
   3.52000000000000       0.224238546421513     
   3.53000000000000       0.223643887303852     
   3.54000000000000       0.222966356509351     
   3.55000000000000       0.222260735137303     
   3.56000000000000       0.221583790891904     
   3.57000000000000       0.220989495725204     
   3.58000000000000       0.220524894480217     
   3.59000000000000       0.220231740291519     
   3.60000000000000       0.220133823319810     
   3.61000000000000       0.220232656356658     
   3.62000000000000       0.220519889520570     
   3.63000000000000       0.220972792653181     
   3.64000000000000       0.221556347186952     
   3.65000000000000       0.222226166865106     
   3.66000000000000       0.222931876978667     
   3.67000000000000       0.223621255461527     
   3.68000000000000       0.224244016890297     
   3.69000000000000       0.224755588867043     
   3.70000000000000       0.225120188000253     
   3.71000000000000       0.225313175555254     
   3.72000000000000       0.225322419243215     
   3.73000000000000       0.225148837045285     
   3.74000000000000       0.224812094235588     
   3.75000000000000       0.224333253599946     
   3.76000000000000       0.223741430604761     
   3.77000000000000       0.223076896969280     
   3.78000000000000       0.222384119838591     
   3.79000000000000       0.221708746304677     
   3.80000000000000       0.221094628566698     
   3.81000000000000       0.220581037224668     
   3.82000000000000       0.220200380287642     
   3.83000000000000       0.219984270603056     
   3.84000000000000       0.219940665904993     
   3.85000000000000       0.220068914114535     
   3.86000000000000       0.220359851924617     
   3.87000000000000       0.220794421156493     
   3.88000000000000       0.221345016237095     
   3.89000000000000       0.221977539361283     
   3.90000000000000       0.222653481586201     
   3.91000000000000       0.223332296702876     
   3.92000000000000       0.223973885068145     
   3.93000000000000       0.224540775536773     
   3.94000000000000       0.225000142108057     
   3.95000000000000       0.225325414369057     
   3.96000000000000       0.225497742577621     
   3.97000000000000       0.225506941426829     
   3.98000000000000       0.225352040231599     
   3.99000000000000       0.225046331855439     
   4.00000000000000       0.224605742233786     
   4.01000000000000       0.224050186216190     
   4.02000000000000       0.223411278235285     
   4.03000000000000       0.222725614428266     
   4.04000000000000       0.222032623676873     
   4.05000000000000       0.221372191776892     
   4.06000000000000       0.220782270288388     
   4.07000000000000       0.220296655406819     
   4.08000000000000       0.219942860381968     
   4.09000000000000       0.219749808393521     
   4.10000000000000       0.219721212563216     
   4.11000000000000       0.219857145474024     
   4.12000000000000       0.220149839013358     
   4.13000000000000       0.220582940228471     
   4.14000000000000       0.221132630874866     
   4.15000000000000       0.221769017338592     
   4.16000000000000       0.222457920382813     
   4.17000000000000       0.223162558353296     
   4.18000000000000       0.223845724957754     
   4.19000000000000       0.224471666925239     
   4.20000000000000       0.225008013736538     
   4.21000000000000       0.225427538649510     
   4.22000000000000       0.225709421479828     
   4.23000000000000       0.225840361068880     
   4.24000000000000       0.225815146859812     
   4.25000000000000       0.225636551102500     
   4.26000000000000       0.225321904759188     
   4.27000000000000       0.224882941391390     
   4.28000000000000       0.224339623707932     
   4.29000000000000       0.223718757209948     
   4.30000000000000       0.223050005924104     
   4.31000000000000       0.222364842363223     
   4.32000000000000       0.221692262029198     
   4.33000000000000       0.221063349780669     
   4.34000000000000       0.220504300090485     
   4.35000000000000       0.220038285007739     
   4.36000000000000       0.219684127505889     
   4.37000000000000       0.219460587477716     
   4.38000000000000       0.219376184059779     
   4.39000000000000       0.219429309131104     
   4.40000000000000       0.219616878464658     
   4.41000000000000       0.219930455861811     
   4.42000000000000       0.220356577983081     
   4.43000000000000       0.220877278019384     
   4.44000000000000       0.221471100026690     
   4.45000000000000       0.222113821109229     
   4.46000000000000       0.222779731633656     
   4.47000000000000       0.223442774320456     
   4.48000000000000       0.224077465412097     
   4.49000000000000       0.224660296605511     
   4.50000000000000       0.225170262567312     
   4.51000000000000       0.225589873702694     
   4.52000000000000       0.225905458145236     
   4.53000000000000       0.226107678833282     
   4.54000000000000       0.226191238641136     
   4.55000000000000       0.226155077774112     
   4.56000000000000       0.226001983886734     
   4.57000000000000       0.225743617763699     
   4.58000000000000       0.225386213105815     
   4.59000000000000       0.224938805021451     
   4.60000000000000       0.224415601211867     
   4.61000000000000       0.223835979761600     
   4.62000000000000       0.223214216811631     
   4.63000000000000       0.222567951935433     
   4.64000000000000       0.221916893464793     
   4.65000000000000       0.221280925990053     
   4.66000000000000       0.220679961831358     
   4.67000000000000       0.220135980487190     
   4.68000000000000       0.219667227945972     
   4.69000000000000       0.219287788052770     
   4.70000000000000       0.219011377955260     
   4.71000000000000       0.218856883452096     
   4.72000000000000       0.218823196297471     
   4.73000000000000       0.218913430709691     
   4.74000000000000       0.219126714464673     
   4.75000000000000       0.219458181201150     
   4.76000000000000       0.219899054320343     
   4.77000000000000       0.220436949070578     
   4.78000000000000       0.221056138841841     
   4.79000000000000       0.221738137853317     
   4.80000000000000       0.222462176057216     
   4.81000000000000       0.223205946670483     
   4.82000000000000       0.223946241890224     
   4.83000000000000       0.224659488356259     
   4.84000000000000       0.225322770365698     
   4.85000000000000       0.225914276731051     
   4.86000000000000       0.226414083994045     
   4.87000000000000       0.226804849164809     
   4.88000000000000       0.227072336415114     
   4.89000000000000       0.227206066068495     
   4.90000000000000       0.227199604491485     
   4.91000000000000       0.227050979560017     
   4.92000000000000       0.226771350509253     
   4.93000000000000       0.226360135418125     
   4.94000000000000       0.225830605091602     
   4.95000000000000       0.225199277394363     
   4.96000000000000       0.224480049568689     
   4.97000000000000       0.223695212221637     
   4.98000000000000       0.222869345150245     
   4.99000000000000       0.222028591244189     
   5.00000000000000       0.221199712545632     
   5.01000000000000       0.220409006045373     
   5.02000000000000       0.219681711309440     
   5.03000000000000       0.219040897701664     
   5.04000000000000       0.218509297483530     
   5.05000000000000       0.218107840452400     
   5.06000000000000       0.217844736346786     
   5.07000000000000       0.217736584662984     
   5.08000000000000       0.217778018094841     
   5.09000000000000       0.217967919237159     
   5.10000000000000       0.218300767981811     
   5.11000000000000       0.218766859990806     
   5.12000000000000       0.219352487194784     
   5.13000000000000       0.220040480363764     
   5.14000000000000       0.220810575025707     
   5.15000000000000       0.221640065955037     
   5.16000000000000       0.222504445154801     
   5.17000000000000       0.223377962147997     
   5.18000000000000       0.224234597098627     
   5.19000000000000       0.225048558217971     
   5.20000000000000       0.225795231984578     
   5.21000000000000       0.226451864413421     
   5.22000000000000       0.226998311370091     
   5.23000000000000       0.227417714630266     
   5.24000000000000       0.227697077122348     
   5.25000000000000       0.227827677903536     
   5.26000000000000       0.227805506061856     
   5.27000000000000       0.227631241156684     
   5.28000000000000       0.227318064670673     
   5.29000000000000       0.226869807526689     
   5.30000000000000       0.226303476837364     
   5.31000000000000       0.225633166668725     
   5.32000000000000       0.224876395972870     
   5.33000000000000       0.224056140396797     
   5.34000000000000       0.223196958061699     
   5.35000000000000       0.222324194105834     
   5.36000000000000       0.221463261112253     
   5.37000000000000       0.220638795025977     
   5.38000000000000       0.219873978846806     
   5.39000000000000       0.219189898142961     
   5.40000000000000       0.218605077444411     
   5.41000000000000       0.218139171054656     
   5.42000000000000       0.217804916028671     
   5.43000000000000       0.217611482802699     
   5.44000000000000       0.217563610578060     
   5.45000000000000       0.217657124934820     
   5.46000000000000       0.217888913094784     
   5.47000000000000       0.218252233094308     
   5.48000000000000       0.218737056375006     
   5.49000000000000       0.219330243140342     
   5.50000000000000       0.220015922494193     
   5.51000000000000       0.220776018110419     
   5.52000000000000       0.221590393960582     
   5.53000000000000       0.222437794614213     
   5.54000000000000       0.223296058096774     
   5.55000000000000       0.224142803067487     
   5.56000000000000       0.224956077716694     
   5.57000000000000       0.225714858455720     
   5.58000000000000       0.226399631290351     
   5.59000000000000       0.226992859403044     
   5.60000000000000       0.227479598736891     
   5.61000000000000       0.227847651949688     
   5.62000000000000       0.228088082685769     
   5.63000000000000       0.228195178292017     
   5.64000000000000       0.228166760416932     
   5.65000000000000       0.228004115828477     
   5.66000000000000       0.227720091803957     
   5.67000000000000       0.227314341224396     
   5.68000000000000       0.226803860163489     
   5.69000000000000       0.226193535675119     
   5.70000000000000       0.225497842270069     
   5.71000000000000       0.224733350394751     
   5.72000000000000       0.223918016725213     
   5.73000000000000       0.223070508988066     
   5.74000000000000       0.222210112669783     
   5.75000000000000       0.221355894977243     
   5.76000000000000       0.220526566637434     
   5.77000000000000       0.219739978191396     
   5.78000000000000       0.219012854188541     
   5.79000000000000       0.218360416845947     
   5.80000000000000       0.217796213947739     
   5.81000000000000       0.217331826833313     
   5.82000000000000       0.216984969935355     
   5.83000000000000       0.216756944336270     
   5.84000000000000       0.216657723835769     
   5.85000000000000       0.216682335644705     
   5.86000000000000       0.216830383784738     
   5.87000000000000       0.217098987571852     
   5.88000000000000       0.217482950894247     
   5.89000000000000       0.217974837831632     
   5.90000000000000       0.218565114406754     
   5.91000000000000       0.219242376001603     
   5.92000000000000       0.219993450936273     
   5.93000000000000       0.220803811352594     
   5.94000000000000       0.221657742527011     
   5.95000000000000       0.222538784148741     
   5.96000000000000       0.223429848804426     
   5.97000000000000       0.224313890377877     
   5.98000000000000       0.225173853172464     
   5.99000000000000       0.225993410165981     
   6.00000000000000       0.226757020155259     
