          0.000      3.9690000
          0.100      8.8200002
          0.900      8.8200002
          0.901      8.8111895
          0.902      8.8023973
          0.903      8.7936237
          0.904      8.7848685
          0.905      8.7761317
          0.906      8.7674132
          0.907      8.7587130
          0.908      8.7500309
          0.909      8.7413671
          0.910      8.7327213
          0.911      8.7240935
          0.912      8.7154837
          0.913      8.7068919
          0.914      8.6983179
          0.915      8.6897617
          0.916      8.6812233
          0.917      8.6727025
          0.918      8.6641994
          0.919      8.6557139
          0.920      8.6472459
          0.921      8.6387953
          0.922      8.6303622
          0.923      8.6219464
          0.924      8.6135480
          0.925      8.6051668
          0.926      8.5968028
          0.927      8.5884559
          0.928      8.5801262
          0.929      8.5718134
          0.930      8.5635177
          0.931      8.5552389
          0.932      8.5469769
          0.933      8.5387318
          0.934      8.5305035
          0.935      8.5222918
          0.936      8.5140969
          0.937      8.5059186
          0.938      8.4977568
          0.939      8.4896115
          0.940      8.4814828
          0.941      8.4733704
          0.942      8.4652744
          0.943      8.4571947
          0.944      8.4491313
          0.945      8.4410840
          0.946      8.4330530
          0.947      8.4250380
          0.948      8.4170392
          0.949      8.4090563
          0.950      8.4010894
          0.951      8.3931384
          0.952      8.3852033
          0.953      8.3772840
          0.954      8.3693805
          0.955      8.3614927
          0.956      8.3536206
          0.957      8.3457642
          0.958      8.3379233
          0.959      8.3300979
          0.960      8.3222880
          0.961      8.3144936
          0.962      8.3067146
          0.963      8.2989509
          0.964      8.2912025
          0.965      8.2834693
          0.966      8.2757514
          0.967      8.2680487
          0.968      8.2603610
          0.969      8.2526885
          0.970      8.2450310
          0.971      8.2373884
          0.972      8.2297608
          0.973      8.2221481
          0.974      8.2145502
          0.975      8.2069672
          0.976      8.1993989
          0.977      8.1918453
          0.978      8.1843064
          0.979      8.1767822
          0.980      8.1692725
          0.981      8.1617774
          0.982      8.1542968
          0.983      8.1468306
          0.984      8.1393788
          0.985      8.1319415
          0.986      8.1245184
          0.987      8.1171097
          0.988      8.1097152
          0.989      8.1023349
          0.990      8.0949687
          0.991      8.0876167
          0.992      8.0802788
          0.993      8.0729549
          0.994      8.0656450
          0.995      8.0583491
          0.996      8.0510671
          0.997      8.0437990
          0.998      8.0365447
          0.999      8.0293042
          1.000      8.0220775
          1.010      7.9505581
          1.020      7.8803716
          1.030      7.8114804
          1.040      7.7438485
          1.050      7.6774409
          1.060      7.6122243
          1.070      7.5481662
          1.080      7.4852356
          1.090      7.4234024
          1.100      7.3626378
          1.110      7.3029138
          1.120      7.2442034
          1.130      7.1864806
          1.140      7.1297202
          1.150      7.0738981
          1.160      7.0189907
          1.170      6.9649753
          1.180      6.9118300
          1.190      6.8595336
          1.200      6.8080656
          1.210      6.7574061
          1.220      6.7075359
          1.230      6.6584364
          1.240      6.6100895
          1.250      6.5624778
          1.260      6.5155843
          1.270      6.4693926
          1.280      6.4238869
          1.290      6.3790516
          1.300      6.3348719
          1.310      6.2913333
          1.320      6.2484215
          1.330      6.2061230
          1.340      6.1644245
          1.350      6.1233131
          1.360      6.0827762
          1.370      6.0428018
          1.380      6.0033779
          1.390      5.9644931
          1.400      5.9261362
          1.410      5.8882963
          1.420      5.8509630
          1.430      5.8141258
          1.440      5.7777749
          1.450      5.7419004
          1.460      5.7064930
          1.470      5.6715434
          1.480      5.6370426
          1.490      5.6029819
          1.500      5.5693527
          1.510      5.5361469
          1.520      5.5033563
          1.530      5.4709730
          1.540      5.4389894
          1.550      5.4073979
          1.560      5.3761914
          1.570      5.3453626
          1.580      5.3149047
          1.590      5.2848109
          1.600      5.2550745
          1.610      5.2256891
          1.620      5.1966486
          1.630      5.1679466
          1.640      5.1395772
          1.650      5.1115347
          1.660      5.0838132
          1.670      5.0564072
          1.680      5.0293112
          1.690      5.0025199
          1.700      4.9760282
          1.710      4.9498309
          1.720      4.9239231
          1.730      4.8982999
          1.740      4.8729565
          1.750      4.8478884
          1.760      4.8230911
          1.770      4.7985599
          1.780      4.7742907
          1.790      4.7502792
          1.800      4.7265212
          1.810      4.7030126
          1.820      4.6797496
          1.830      4.6567281
          1.840      4.6339444
          1.850      4.6113948
          1.860      4.5890756
          1.870      4.5669832
          1.880      4.5451142
          1.890      4.5234650
          1.900      4.5020325
          1.910      4.4808131
          1.920      4.4598038
          1.930      4.4390014
          1.940      4.4184028
          1.950      4.3980049
          1.960      4.3778049
          1.970      4.3577997
          1.980      4.3379865
          1.990      4.3183625
          2.000      4.2989250
          2.010      4.2796713
          2.020      4.2605987
          2.030      4.2417047
          2.040      4.2229867
          2.050      4.2044422
          2.060      4.1860688
          2.070      4.1678641
          2.080      4.1498258
          2.090      4.1319514
          2.100      4.1142388
          2.110      4.0966858
          2.120      4.0792901
          2.130      4.0620496
          2.140      4.0449622
          2.150      4.0280259
          2.160      4.0112385
          2.170      3.9945982
          2.180      3.9781030
          2.190      3.9617509
          2.200      3.9455400
          2.210      3.9294686
          2.220      3.9135347
          2.230      3.8977366
          2.240      3.8820726
          2.250      3.8665408
          2.260      3.8511397
          2.270      3.8358675
          2.280      3.8207226
          2.290      3.8057033
          2.300      3.7908082
          2.310      3.7760356
          2.320      3.7613841
          2.330      3.7468520
          2.340      3.7324379
          2.350      3.7181404
          2.360      3.7039581
          2.370      3.6898895
          2.380      3.6759332
          2.390      3.6620878
          2.400      3.6483521
          2.410      3.6347248
          2.420      3.6212044
          2.430      3.6077898
          2.440      3.5944796
          2.450      3.5812727
          2.460      3.5681678
          2.470      3.5551638
          2.480      3.5422593
          2.490      3.5294534
          2.500      3.5167448
          2.510      3.5041325
          2.520      3.4916152
          2.530      3.4791920
          2.540      3.4668617
          2.550      3.4546234
          2.560      3.4424758
          2.570      3.4304181
          2.580      3.4184492
          2.590      3.4065681
          2.600      3.3947739
          2.610      3.3830655
          2.620      3.3714421
          2.630      3.3599026
          2.640      3.3484463
          2.650      3.3370720
          2.660      3.3257791
          2.670      3.3145665
          2.680      3.3034334
          2.690      3.2923789
          2.700      3.2814023
          2.710      3.2705027
          2.720      3.2596792
          2.730      3.2489310
          2.740      3.2382574
          2.750      3.2276575
          2.760      3.2171306
          2.770      3.2066760
          2.780      3.1962928
          2.790      3.1859803
          2.800      3.1757378
          2.810      3.1655646
          2.820      3.1554599
          2.830      3.1454231
          2.840      3.1354535
          2.850      3.1255503
          2.860      3.1157129
          2.870      3.1059407
          2.880      3.0962330
          2.890      3.0865890
          2.900      3.0770083
          2.910      3.0674902
          2.920      3.0580340
          2.930      3.0486391
          2.940      3.0393049
          2.950      3.0300309
          2.960      3.0208164
          2.970      3.0116609
          2.980      3.0025637
          2.990      2.9935244
          3.000      2.9845423
          3.010      2.9756169
          3.020      2.9667477
          3.030      2.9579342
          3.040      2.9491757
          3.050      2.9404718
          3.060      2.9318219
          3.070      2.9232256
          3.080      2.9146823
          3.090      2.9061916
          3.100      2.8977529
          3.110      2.8893657
          3.120      2.8810297
          3.130      2.8727443
          3.140      2.8645090
          3.150      2.8563234
          3.160      2.8481870
          3.170      2.8400994
          3.180      2.8320601
          3.190      2.8240687
          3.200      2.8161248
          3.210      2.8082278
          3.220      2.8003775
          3.230      2.7925734
          3.240      2.7848151
          3.250      2.7771021
          3.260      2.7694341
          3.270      2.7618106
          3.280      2.7542313
          3.290      2.7466958
          3.300      2.7392037
          3.310      2.7317546
          3.320      2.7243481
          3.330      2.7169839
          3.340      2.7096616
          3.350      2.7023808
          3.360      2.6951412
          3.370      2.6879424
          3.380      2.6807841
          3.390      2.6736659
          3.400      2.6665875
          3.410      2.6595486
          3.420      2.6525488
          3.430      2.6455877
          3.440      2.6386651
          3.450      2.6317806
          3.460      2.6249340
          3.470      2.6181248
          3.480      2.6113528
          3.490      2.6046177
          3.500      2.5979192
          3.510      2.5912569
          3.520      2.5846306
          3.530      2.5780399
          3.540      2.5714846
          3.550      2.5649645
          3.560      2.5584791
          3.570      2.5520283
          3.580      2.5456116
          3.590      2.5392290
          3.600      2.5328800
          3.610      2.5265645
          3.620      2.5202821
          3.630      2.5140326
          3.640      2.5078158
          3.650      2.5016313
          3.660      2.4954789
          3.670      2.4893583
          3.680      2.4832694
          3.690      2.4772118
          3.700      2.4711854
          3.710      2.4651898
          3.720      2.4592248
          3.730      2.4532902
          3.740      2.4473858
          3.750      2.4415113
          3.760      2.4356664
          3.770      2.4298511
          3.780      2.4240650
          3.790      2.4183078
          3.800      2.4125795
          3.810      2.4068798
          3.820      2.4012084
          3.830      2.3955651
          3.840      2.3899498
          3.850      2.3843621
          3.860      2.3788020
          3.870      2.3732692
          3.880      2.3677635
          3.890      2.3622847
          3.900      2.3568325
          3.910      2.3514069
          3.920      2.3460076
          3.930      2.3406344
          3.940      2.3352871
          3.950      2.3299655
          3.960      2.3246694
          3.970      2.3193987
          3.980      2.3141532
          3.990      2.3089327
          4.000      2.3037369
          4.010      2.2985658
          4.020      2.2934191
          4.030      2.2882967
          4.040      2.2831984
          4.050      2.2781240
          4.060      2.2730733
          4.070      2.2680462
          4.080      2.2630426
          4.090      2.2580622
          4.100      2.2531049
          4.110      2.2481704
          4.120      2.2432588
          4.130      2.2383697
          4.140      2.2335031
          4.150      2.2286588
          4.160      2.2238366
          4.170      2.2190364
          4.180      2.2142580
          4.190      2.2095013
          4.200      2.2047661
          4.210      2.2000522
          4.220      2.1953596
          4.230      2.1906881
          4.240      2.1860375
          4.250      2.1814077
          4.260      2.1767985
          4.270      2.1722099
          4.280      2.1676416
          4.290      2.1630936
          4.300      2.1585657
          4.310      2.1540577
          4.320      2.1495696
          4.330      2.1451011
          4.340      2.1406522
          4.350      2.1362228
          4.360      2.1318126
          4.370      2.1274217
          4.380      2.1230498
          4.390      2.1186968
          4.400      2.1143626
          4.410      2.1100471
          4.420      2.1057501
          4.430      2.1014716
          4.440      2.0972114
          4.450      2.0929693
          4.460      2.0887454
          4.470      2.0845394
          4.480      2.0803512
          4.490      2.0761808
          4.500      2.0720280
          4.510      2.0678926
          4.520      2.0685000
          4.530      2.0667360
          4.540      2.0649720
          4.550      2.0632080
          4.560      2.0614440
          4.570      2.0596800
          4.580      2.0579160
          4.590      2.0561520
          4.600      2.0543880
          4.610      2.0526240
          4.620      2.0508600
          4.630      2.0490960
          4.640      2.0473320
          4.650      2.0455680
          4.660      2.0438040
          4.670      2.0420400
          4.680      2.0402760
          4.690      2.0385120
          4.700      2.0367480
          4.710      2.0349840
          4.720      2.0332200
          4.730      2.0314560
          4.740      2.0296920
          4.750      2.0279280
          4.760      2.0261640
          4.770      2.0244000
          4.780      2.0226360
          4.790      2.0208720
          4.800      2.0191080
          4.810      2.0173440
          4.820      2.0155800
          4.830      2.0138160
          4.840      2.0120520
          4.850      2.0102880
          4.860      2.0085240
          4.870      2.0067600
          4.880      2.0049960
          4.890      2.0032320
          4.900      2.0014680
          4.910      1.9997040
          4.920      1.9979400
          4.930      1.9961760
          4.940      1.9944120
          4.950      1.9926480
          4.960      1.9908840
          4.970      1.9891200
          4.980      1.9873560
          4.990      1.9855920
          5.000      1.9838280
          5.010      1.9820640
          5.020      1.9803000
          5.030      1.9785360
          5.040      1.9767720
          5.050      1.9750080
          5.060      1.9732440
          5.070      1.9714800
          5.080      1.9697160
          5.090      1.9679520
          5.100      1.9661880
          5.110      1.9644240
          5.120      1.9626600
          5.130      1.9608960
          5.140      1.9591320
          5.150      1.9573680
          5.160      1.9556040
          5.170      1.9538400
          5.180      1.9520760
          5.190      1.9503120
          5.200      1.9485480
          5.210      1.9467840
          5.220      1.9450200
          5.230      1.9432560
          5.240      1.9414920
          5.250      1.9397280
          5.260      1.9379640
          5.270      1.9362000
          5.280      1.9344360
          5.290      1.9326720
          5.300      1.9309080
          5.310      1.9291440
          5.320      1.9273800
          5.330      1.9256160
          5.340      1.9238520
          5.350      1.9220880
          5.360      1.9203240
          5.370      1.9185600
          5.380      1.9167960
          5.390      1.9150320
          5.400      1.9132680
          5.410      1.9115040
          5.420      1.9097400
          5.430      1.9079760
          5.440      1.9062120
          5.450      1.9044480
          5.460      1.9026840
          5.470      1.9009200
          5.480      1.8991560
          5.490      1.8973920
          5.500      1.8956280
          5.510      1.8938640
          5.520      1.8921000
          5.530      1.8903360
          5.540      1.8885720
          5.550      1.8868080
          5.560      1.8850440
          5.570      1.8832800
          5.580      1.8815160
          5.590      1.8797520
          5.600      1.8779880
          5.610      1.8762240
          5.620      1.8744600
          5.630      1.8726960
          5.640      1.8709320
          5.650      1.8691680
          5.660      1.8674040
          5.670      1.8656400
          5.680      1.8638760
          5.690      1.8621120
          5.700      1.8603480
          5.710      1.8585840
          5.720      1.8568200
          5.730      1.8550560
          5.740      1.8532920
          5.750      1.8515280
          5.760      1.8497640
          5.770      1.8480000
          5.780      1.8462360
          5.790      1.8444720
          5.800      1.8427080
          5.810      1.8409440
          5.820      1.8391800
          5.830      1.8374160
          5.840      1.8356520
          5.850      1.8338880
          5.860      1.8321240
          5.870      1.8303600
          5.880      1.8285960
          5.890      1.8268320
          5.900      1.8250680
          5.910      1.8233040
          5.920      1.8215400
          5.930      1.8197760
          5.940      1.8180120
          5.950      1.8162480
          5.960      1.8144840
          5.970      1.8127200
          5.980      1.8109560
          5.990      1.8091920
          6.000      1.8074280
