          0.000      3.9690000
          0.100      8.8200002
          0.350      8.8200002
          0.351      8.7973816
          0.352      8.7748851
          0.353      8.7525097
          0.354      8.7302544
          0.355      8.7081182
          0.356      8.6861002
          0.357      8.6641994
          0.358      8.6424149
          0.359      8.6207456
          0.360      8.5991907
          0.361      8.5777493
          0.362      8.5564205
          0.363      8.5352033
          0.364      8.5140969
          0.365      8.4931003
          0.366      8.4722128
          0.367      8.4514334
          0.368      8.4307614
          0.369      8.4101957
          0.370      8.3897357
          0.371      8.3693805
          0.372      8.3491293
          0.373      8.3289812
          0.374      8.3089356
          0.375      8.2889915
          0.376      8.2691481
          0.377      8.2494049
          0.378      8.2297608
          0.379      8.2102153
          0.380      8.1907675
          0.381      8.1714166
          0.382      8.1521621
          0.383      8.1330031
          0.384      8.1139389
          0.385      8.0949687
          0.386      8.0760920
          0.387      8.0573080
          0.388      8.0386159
          0.389      8.0200152
          0.390      8.0015051
          0.391      7.9830850
          0.392      7.9647541
          0.393      7.9465119
          0.394      7.9283576
          0.395      7.9102907
          0.396      7.8923105
          0.397      7.8744164
          0.398      7.8566077
          0.399      7.8388838
          0.400      7.8212441
          0.401      7.8036880
          0.402      7.7862149
          0.403      7.7688241
          0.404      7.7515152
          0.405      7.7342875
          0.406      7.7171404
          0.407      7.7000734
          0.408      7.6830858
          0.409      7.6661772
          0.410      7.6493470
          0.411      7.6325945
          0.412      7.6159194
          0.413      7.5993209
          0.414      7.5827987
          0.415      7.5663521
          0.416      7.5499806
          0.417      7.5336837
          0.418      7.5174609
          0.419      7.5013117
          0.420      7.4852355
          0.421      7.4692319
          0.422      7.4533004
          0.423      7.4374405
          0.424      7.4216516
          0.425      7.4059333
          0.426      7.3902851
          0.427      7.3747066
          0.428      7.3591972
          0.429      7.3437565
          0.430      7.3283841
          0.431      7.3130794
          0.432      7.2978421
          0.433      7.2826716
          0.434      7.2675675
          0.435      7.2525294
          0.436      7.2375569
          0.437      7.2226495
          0.438      7.2078067
          0.439      7.1930282
          0.440      7.1783135
          0.441      7.1636622
          0.442      7.1490740
          0.443      7.1345482
          0.444      7.1200847
          0.445      7.1056829
          0.446      7.0913425
          0.447      7.0770630
          0.448      7.0628441
          0.449      7.0486854
          0.450      7.0345864
          0.460      6.8968024
          0.470      6.7645944
          0.480      6.6376251
          0.490      6.5155842
          0.500      6.3981855
          0.510      6.2851649
          0.520      6.1762779
          0.530      6.0712980
          0.540      5.9700154
          0.550      5.8722348
          0.560      5.7777748
          0.570      5.6864663
          0.580      5.5981514
          0.590      5.5126831
          0.600      5.4299235
          0.610      5.3497438
          0.620      5.2720233
          0.630      5.1966485
          0.640      5.1235132
          0.650      5.0525174
          0.660      4.9835670
          0.670      4.9165733
          0.680      4.8514529
          0.690      4.7881270
          0.700      4.7265211
          0.710      4.6665651
          0.720      4.6081923
          0.730      4.5513399
          0.740      4.4959482
          0.750      4.4419606
          0.760      4.3893237
          0.770      4.3379864
          0.780      4.2879005
          0.790      4.2390200
          0.800      4.1913010
          0.810      4.1447022
          0.820      4.0991837
          0.830      4.0547078
          0.840      4.0112385
          0.850      3.9687415
          0.860      3.9271839
          0.870      3.8865344
          0.880      3.8467631
          0.890      3.8078413
          0.900      3.7697416
          0.910      3.7324379
          0.920      3.6959050
          0.930      3.6601189
          0.940      3.6250565
          0.950      3.5906957
          0.960      3.5570153
          0.970      3.5239950
          0.980      3.4916152
          0.990      3.4598572
          1.000      3.4287028
          1.010      3.3981349
          1.020      3.3681366
          1.030      3.3386919
          1.040      3.3097855
          1.050      3.2814023
          1.060      3.2535282
          1.070      3.2261492
          1.080      3.1992521
          1.090      3.1728241
          1.100      3.1468528
          1.110      3.1213263
          1.120      3.0962330
          1.130      3.0715617
          1.140      3.0473019
          1.150      3.0234431
          1.160      2.9999752
          1.170      2.9768885
          1.180      2.9541738
          1.190      2.9318219
          1.200      2.9098240
          1.210      2.8881718
          1.220      2.8668568
          1.230      2.8458713
          1.240      2.8252074
          1.250      2.8048577
          1.260      2.7848151
          1.270      2.7650724
          1.280      2.7456228
          1.290      2.7264599
          1.300      2.7075771
          1.310      2.6889683
          1.320      2.6706275
          1.330      2.6525488
          1.340      2.6347265
          1.350      2.6171551
          1.360      2.5998293
          1.370      2.5827439
          1.380      2.5658938
          1.390      2.5492741
          1.400      2.5328800
          1.410      2.5167070
          1.420      2.5007504
          1.430      2.4850059
          1.440      2.4694692
          1.450      2.4541361
          1.460      2.4390027
          1.470      2.4240649
          1.480      2.4093190
          1.490      2.3947612
          1.500      2.3803878
          1.510      2.3661954
          1.520      2.3521804
          1.530      2.3383395
          1.540      2.3246694
          1.550      2.3111670
          1.560      2.2978290
          1.570      2.2846526
          1.580      2.2716346
          1.590      2.2587722
          1.600      2.2460627
          1.610      2.2335031
          1.620      2.2210909
          1.630      2.2088235
          1.640      2.1966982
          1.650      2.1847126
          1.660      2.1728642
          1.670      2.1611506
          1.680      2.1495696
          1.690      2.1381187
          1.700      2.1267960
          1.710      2.1155990
          1.720      2.1045258
          1.730      2.0935742
          1.740      2.0827423
          1.750      2.0720280
          1.760      2.0614293
          1.770      2.0685000
          1.780      2.0667360
          1.790      2.0649720
          1.800      2.0632080
          1.810      2.0614440
          1.820      2.0596800
          1.830      2.0579160
          1.840      2.0561520
          1.850      2.0543880
          1.860      2.0526240
          1.870      2.0508600
          1.880      2.0490960
          1.890      2.0473320
          1.900      2.0455680
          1.910      2.0438040
          1.920      2.0420400
          1.930      2.0402760
          1.940      2.0385120
          1.950      2.0367480
          1.960      2.0349840
          1.970      2.0332200
          1.980      2.0314560
          1.990      2.0296920
          2.000      2.0279280
          2.010      2.0261640
          2.020      2.0244000
          2.030      2.0226360
          2.040      2.0208720
          2.050      2.0191080
          2.060      2.0173440
          2.070      2.0155800
          2.080      2.0138160
          2.090      2.0120520
          2.100      2.0102880
          2.110      2.0085240
          2.120      2.0067600
          2.130      2.0049960
          2.140      2.0032320
          2.150      2.0014680
          2.160      1.9997040
          2.170      1.9979400
          2.180      1.9961760
          2.190      1.9944120
          2.200      1.9926480
          2.210      1.9908840
          2.220      1.9891200
          2.230      1.9873560
          2.240      1.9855920
          2.250      1.9838280
          2.260      1.9820640
          2.270      1.9803000
          2.280      1.9785360
          2.290      1.9767720
          2.300      1.9750080
          2.310      1.9732440
          2.320      1.9714800
          2.330      1.9697160
          2.340      1.9679520
          2.350      1.9661880
          2.360      1.9644240
          2.370      1.9626600
          2.380      1.9608960
          2.390      1.9591320
          2.400      1.9573680
          2.410      1.9556040
          2.420      1.9538400
          2.430      1.9520760
          2.440      1.9503120
          2.450      1.9485480
          2.460      1.9467840
          2.470      1.9450200
          2.480      1.9432560
          2.490      1.9414920
          2.500      1.9397280
          2.510      1.9379640
          2.520      1.9362000
          2.530      1.9344360
          2.540      1.9326720
          2.550      1.9309080
          2.560      1.9291440
          2.570      1.9273800
          2.580      1.9256160
          2.590      1.9238520
          2.600      1.9220880
          2.610      1.9203240
          2.620      1.9185600
          2.630      1.9167960
          2.640      1.9150320
          2.650      1.9132680
          2.660      1.9115040
          2.670      1.9097400
          2.680      1.9079760
          2.690      1.9062120
          2.700      1.9044480
          2.710      1.9026840
          2.720      1.9009200
          2.730      1.8991560
          2.740      1.8973920
          2.750      1.8956280
          2.760      1.8938640
          2.770      1.8921000
          2.780      1.8903360
          2.790      1.8885720
          2.800      1.8868080
          2.810      1.8850440
          2.820      1.8832800
          2.830      1.8815160
          2.840      1.8797520
          2.850      1.8779880
          2.860      1.8762240
          2.870      1.8744600
          2.880      1.8726960
          2.890      1.8709320
          2.900      1.8691680
          2.910      1.8674040
          2.920      1.8656400
          2.930      1.8638760
          2.940      1.8621120
          2.950      1.8603480
          2.960      1.8585840
          2.970      1.8568200
          2.980      1.8550560
          2.990      1.8532920
          3.000      1.8515280
          3.010      1.8497640
          3.020      1.8480000
          3.030      1.8462360
          3.040      1.8444720
          3.050      1.8427080
          3.060      1.8409440
          3.070      1.8391800
          3.080      1.8374160
          3.090      1.8356520
          3.100      1.8338880
          3.110      1.8321240
          3.120      1.8303600
          3.130      1.8285960
          3.140      1.8268320
          3.150      1.8250680
          3.160      1.8233040
          3.170      1.8215400
          3.180      1.8197760
          3.190      1.8180120
          3.200      1.8162480
          3.210      1.8144840
          3.220      1.8127200
          3.230      1.8109560
          3.240      1.8091920
          3.250      1.8074280
          3.260      1.8056640
          3.270      1.8039000
          3.280      1.8021360
          3.290      1.8003720
          3.300      1.7986080
          3.310      1.7968440
          3.320      1.7950800
          3.330      1.7933160
          3.340      1.7915520
          3.350      1.7897880
          3.360      1.7880240
          3.370      1.7862600
          3.380      1.7844960
          3.390      1.7827320
          3.400      1.7809680
          3.410      1.7792040
          3.420      1.7774400
          3.430      1.7756760
          3.440      1.7739120
          3.450      1.7721480
          3.460      1.7703840
          3.470      1.7686200
          3.480      1.7668560
          3.490      1.7650920
          3.500      1.7633280
          3.510      1.7615640
          3.520      1.7598000
          3.530      1.7580360
          3.540      1.7562720
          3.550      1.7545080
          3.560      1.7527440
          3.570      1.7509800
          3.580      1.7492160
          3.590      1.7474520
          3.600      1.7456880
          3.610      1.7439240
          3.620      1.7421600
          3.630      1.7403960
          3.640      1.7386320
          3.650      1.7368680
          3.660      1.7351040
          3.670      1.7333400
          3.680      1.7315760
          3.690      1.7298120
          3.700      1.7280480
          3.710      1.7262840
          3.720      1.7245200
          3.730      1.7227560
          3.740      1.7209920
          3.750      1.7192280
          3.760      1.7174640
          3.770      1.7157000
          3.780      1.7139360
          3.790      1.7121720
          3.800      1.7104080
          3.810      1.7086440
          3.820      1.7068800
          3.830      1.7051160
          3.840      1.7033520
          3.850      1.7015880
          3.860      1.6998240
          3.870      1.6980600
          3.880      1.6962960
          3.890      1.6945320
          3.900      1.6927680
          3.910      1.6910040
          3.920      1.6892400
          3.930      1.6874760
          3.940      1.6857120
          3.950      1.6839480
          3.960      1.6821840
          3.970      1.6804200
          3.980      1.6786560
          3.990      1.6768920
          4.000      1.6751280
          4.010      1.6733640
          4.020      1.6716000
          4.030      1.6698360
          4.040      1.6680720
          4.050      1.6663080
          4.060      1.6645440
          4.070      1.6627800
          4.080      1.6610160
          4.090      1.6592520
          4.100      1.6574880
          4.110      1.6557240
          4.120      1.6539600
          4.130      1.6521960
          4.140      1.6504320
          4.150      1.6486680
          4.160      1.6469040
          4.170      1.6451400
          4.180      1.6433760
          4.190      1.6416120
          4.200      1.6398480
          4.210      1.6380840
          4.220      1.6363200
          4.230      1.6345560
          4.240      1.6327920
          4.250      1.6310280
          4.260      1.6292640
          4.270      1.6275000
          4.280      1.6257360
          4.290      1.6239720
          4.300      1.6222080
          4.310      1.6204440
          4.320      1.6186800
          4.330      1.6169160
          4.340      1.6151520
          4.350      1.6133880
          4.360      1.6116240
          4.370      1.6098600
          4.380      1.6080960
          4.390      1.6063320
          4.400      1.6045680
          4.410      1.6028040
          4.420      1.6010400
          4.430      1.5992760
          4.440      1.5975120
          4.450      1.5957480
          4.460      1.5939840
          4.470      1.5922200
          4.480      1.5904560
          4.490      1.5886920
          4.500      1.5869280
          4.510      1.5851640
          4.520      1.5834000
          4.530      1.5816360
          4.540      1.5798720
          4.550      1.5781080
          4.560      1.5763440
          4.570      1.5745800
          4.580      1.5728160
          4.590      1.5710520
          4.600      1.5692880
          4.610      1.5675240
          4.620      1.5657600
          4.630      1.5639960
          4.640      1.5622320
          4.650      1.5604680
          4.660      1.5587040
          4.670      1.5569400
          4.680      1.5551760
          4.690      1.5534120
          4.700      1.5516480
          4.710      1.5498840
          4.720      1.5481200
          4.730      1.5463560
          4.740      1.5445920
          4.750      1.5428280
          4.760      1.5410640
          4.770      1.5393000
          4.780      1.5375360
          4.790      1.5357720
          4.800      1.5340080
          4.810      1.5322440
          4.820      1.5304800
          4.830      1.5287160
          4.840      1.5269520
          4.850      1.5251880
          4.860      1.5234240
          4.870      1.5216600
          4.880      1.5198960
          4.890      1.5181320
          4.900      1.5163680
          4.910      1.5146040
          4.920      1.5128400
          4.930      1.5110760
          4.940      1.5093120
          4.950      1.5075480
          4.960      1.5057840
          4.970      1.5040200
          4.980      1.5022560
          4.990      1.5004920
          5.000      1.4987280
          5.010      1.4969640
          5.020      1.4952000
          5.030      1.4934360
          5.040      1.4916720
          5.050      1.4899080
          5.060      1.4881440
          5.070      1.4863800
          5.080      1.4846160
          5.090      1.4828520
          5.100      1.4810880
          5.110      1.4793240
          5.120      1.4775600
          5.130      1.4757960
          5.140      1.4740320
          5.150      1.4722680
          5.160      1.4705040
          5.170      1.4687400
          5.180      1.4669760
          5.190      1.4652120
          5.200      1.4634480
          5.210      1.4616840
          5.220      1.4599200
          5.230      1.4581560
          5.240      1.4563920
          5.250      1.4546280
          5.260      1.4528640
          5.270      1.4511000
          5.280      1.4493360
          5.290      1.4475720
          5.300      1.4458080
          5.310      1.4440440
          5.320      1.4422800
          5.330      1.4405160
          5.340      1.4387520
          5.350      1.4369880
          5.360      1.4352240
          5.370      1.4334600
          5.380      1.4316960
          5.390      1.4299320
          5.400      1.4281680
          5.410      1.4264040
          5.420      1.4246400
          5.430      1.4228760
          5.440      1.4211120
          5.450      1.4193480
          5.460      1.4175840
          5.470      1.4158200
          5.480      1.4140560
          5.490      1.4122920
          5.500      1.4105280
          5.510      1.4087640
          5.520      1.4070000
          5.530      1.4052360
          5.540      1.4034720
          5.550      1.4017080
          5.560      1.3999440
          5.570      1.3981800
          5.580      1.3964160
          5.590      1.3946520
          5.600      1.3928880
          5.610      1.3911240
          5.620      1.3893600
          5.630      1.3875960
          5.640      1.3858320
          5.650      1.3840680
          5.660      1.3823040
          5.670      1.3805400
          5.680      1.3787760
          5.690      1.3770120
          5.700      1.3752480
          5.710      1.3734840
          5.720      1.3717200
          5.730      1.3699560
          5.740      1.3681920
          5.750      1.3664280
          5.760      1.3646640
          5.770      1.3629000
          5.780      1.3611360
          5.790      1.3593720
          5.800      1.3576080
          5.810      1.3558440
          5.820      1.3540800
          5.830      1.3523160
          5.840      1.3505520
          5.850      1.3487880
          5.860      1.3470240
          5.870      1.3452600
          5.880      1.3434960
          5.890      1.3417320
          5.900      1.3399680
          5.910      1.3382040
          5.920      1.3364400
          5.930      1.3346760
          5.940      1.3329120
          5.950      1.3311480
          5.960      1.3293840
          5.970      1.3276200
          5.980      1.3258560
          5.990      1.3240920
          6.000      1.3223280
