  1.000000000000000E-002   3.99743804370699     
  2.000000000000000E-002   3.99859413551416     
  3.000000000000000E-002   4.15012853355737     
  4.000000000000000E-002   4.89222775234759     
  5.000000000000000E-002   6.46193249847619     
  6.000000000000000E-002   7.87495056350653     
  7.000000000000001E-002   7.41344311096624     
  8.000000000000000E-002   8.94560065849858     
  9.000000000000000E-002   8.86458525473585     
  0.100000000000000        9.08959710587061     
  0.110000000000000        7.54993836124837     
  0.120000000000000        9.05090107648918     
  0.130000000000000        10.6979379543144     
  0.140000000000000        9.44915553691305     
  0.150000000000000        8.05629757589744     
  0.160000000000000        7.24923677075549     
  0.170000000000000        9.74425482301518     
  0.180000000000000        9.03802721317822     
  0.190000000000000        8.00788468359152     
  0.200000000000000        8.10933315060012     
  0.210000000000000        8.50282292213787     
  0.220000000000000        8.80920986789760     
  0.230000000000000        9.54761051134339     
  0.240000000000000        10.4418607057810     
  0.250000000000000        10.8962197355793     
  0.260000000000000        10.7194375757756     
  0.270000000000000        10.0997935361596     
  0.280000000000000        9.41376320104309     
  0.290000000000000        8.91998208996368     
  0.300000000000000        8.62643874310891     
  0.310000000000000        8.49687696765956     
  0.320000000000000        8.59309755780031     
  0.330000000000000        8.10401645149526     
  0.340000000000000        7.88988352561388     
  0.350000000000000        7.67046725370708     
  0.360000000000000        8.43895671200698     
  0.370000000000000        8.97889098337806     
  0.380000000000000        8.71209972768428     
  0.390000000000000        8.23542848648862     
  0.400000000000000        7.84978471094940     
  0.410000000000000        7.20349372631833     
  0.420000000000000        7.15792419937977     
  0.430000000000000        8.02254330270627     
  0.440000000000000        9.36297710928088     
  0.450000000000000        10.4155833215046     
  0.460000000000000        10.8204975061684     
  0.470000000000000        10.6017290400302     
  0.480000000000000        9.96359791347653     
  0.490000000000000        9.35190881685866     
  0.500000000000000        9.10623721758853     
  0.510000000000000        9.33410967981925     
  0.520000000000000        9.75366962446791     
  0.530000000000000        10.0561933518757     
  0.540000000000000        10.0454170752641     
  0.550000000000000        9.64971437402710     
  0.560000000000000        8.88426802201973     
  0.570000000000000        8.79232712630232     
  0.580000000000000        8.70815646243852     
  0.590000000000000        8.58504968843373     
  0.600000000000000        8.43395084134925     
  0.610000000000000        8.28086711934125     
  0.620000000000000        8.09623344147222     
  0.630000000000000        7.92352157432633     
  0.640000000000000        7.73342336113474     
  0.650000000000000        7.54445195948335     
  0.660000000000000        7.35686156841724     
  0.670000000000000        7.16075716504933     
  0.680000000000000        7.08293667791194     
  0.690000000000000        7.28791255197444     
  0.700000000000000        7.11026667868037     
  0.710000000000000        6.62171752757633     
  0.720000000000000        6.45191184439203     
  0.730000000000000        6.43318749421258     
  0.740000000000000        6.41092191875082     
  0.750000000000000        6.38364599363343     
  0.760000000000000        6.35042990283547     
  0.770000000000000        6.31073624632017     
  0.780000000000000        6.26701379002172     
  0.790000000000000        6.21874009616214     
  0.800000000000000        6.48249035557769     
  0.810000000000000        6.82939805247984     
  0.820000000000000        7.10451938622843     
  0.830000000000000        7.30356169610942     
  0.840000000000000        7.39701015545248     
  0.850000000000000        7.38743337432030     
  0.860000000000000        7.27933445655981     
  0.870000000000000        7.07492107867473     
  0.880000000000000        6.78157602174492     
  0.890000000000000        6.40922942540265     
  0.900000000000000        6.52497122962816     
  0.910000000000000        6.60945812923506     
  0.920000000000000        6.65603576481647     
  0.930000000000000        6.66610359438478     
  0.940000000000000        6.62870741931352     
  0.950000000000000        6.55573601399949     
  0.960000000000000        6.44551157552325     
  0.970000000000000        6.29684957438098     
  0.980000000000000        6.28001067266049     
  0.990000000000000        6.26280122069204     
   1.00000000000000        6.21636784358505     
   1.01000000000000        6.14562717791634     
   1.02000000000000        6.05571980925698     
   1.03000000000000        5.95295340598207     
   1.04000000000000        5.83650702276244     
   1.05000000000000        5.70274584035295     
   1.06000000000000        5.55147328829255     
   1.07000000000000        5.38341533605305     
   1.08000000000000        5.20442321440259     
   1.09000000000000        5.01136941181625     
   1.10000000000000        4.80520633341994     
   1.11000000000000        4.58878861898614     
   1.12000000000000        4.36890444987071     
   1.13000000000000        4.14089537939874     
   1.14000000000000        4.08055917938453     
   1.15000000000000        4.15870327640121     
   1.16000000000000        4.20977635028495     
   1.17000000000000        4.23343317460224     
   1.18000000000000        4.23411784896826     
   1.19000000000000        4.21416421807692     
   1.20000000000000        4.17474779896700     
   1.21000000000000        4.11902544803281     
   1.22000000000000        4.05231570635134     
   1.23000000000000        3.97419193234122     
   1.24000000000000        3.88789680410771     
   1.25000000000000        3.79779871116506     
   1.26000000000000        3.70281915347256     
   1.27000000000000        3.60421522484225     
   1.28000000000000        3.50286754684511     
   1.29000000000000        3.39951343143581     
   1.30000000000000        3.29484463605769     
   1.31000000000000        3.18958030277051     
   1.32000000000000        3.08462626284838     
   1.33000000000000        2.98377162269237     
   1.34000000000000        2.88541950687862     
   1.35000000000000        2.79183178208294     
   1.36000000000000        2.70365581315540     
   1.37000000000000        2.62132979219506     
   1.38000000000000        2.54538690382398     
   1.39000000000000        2.47650319320423     
   1.40000000000000        2.41398990503072     
   1.41000000000000        2.35876487793692     
   1.42000000000000        2.31056393024277     
   1.43000000000000        2.26884980688521     
   1.44000000000000        2.23344269814269     
   1.45000000000000        2.20404170220975     
   1.46000000000000        2.18043475961887     
   1.47000000000000        2.16227203274348     
   1.48000000000000        2.14875342832315     
   1.49000000000000        2.13936874971468     
   1.50000000000000        2.13359549364404     
   1.51000000000000        2.13091076743194     
   1.52000000000000        2.13102990321685     
   1.53000000000000        2.13381090313987     
   1.54000000000000        2.13829850150701     
   1.55000000000000        2.14406956575550     
   1.56000000000000        2.15105117134388     
   1.57000000000000        2.15937495014651     
   1.58000000000000        2.16799091232779     
   1.59000000000000        2.17673824094751     
   1.60000000000000        2.18645733857198     
   1.61000000000000        2.19577139850485     
   1.62000000000000        2.20506536703917     
   1.63000000000000        2.21452986754758     
   1.64000000000000        2.22330960389879     
   1.65000000000000        2.23253148239417     
   1.66000000000000        2.24099898210151     
   1.67000000000000        2.24969296769720     
   1.68000000000000        2.25803257093248     
   1.69000000000000        2.26598989870774     
   1.70000000000000        2.27990644579098     
   1.71000000000000        2.30279468669838     
   1.72000000000000        2.32252549013833     
   1.73000000000000        2.33917003205914     
   1.74000000000000        2.35232833559611     
   1.75000000000000        2.36255379631881     
   1.76000000000000        2.36963386316913     
   1.77000000000000        2.37256318312634     
   1.78000000000000        2.37107083176202     
   1.79000000000000        2.36497536422290     
   1.80000000000000        2.35414057398781     
   1.81000000000000        2.35783705930610     
   1.82000000000000        2.36389613670978     
   1.83000000000000        2.36909285278160     
   1.84000000000000        2.37423960553052     
   1.85000000000000        2.37883151221324     
   1.86000000000000        2.38279654575840     
   1.87000000000000        2.38624632790600     
   1.88000000000000        2.38971784529000     
   1.89000000000000        2.39273396105967     
   1.90000000000000        2.39528398371494     
   1.91000000000000        2.39732060842226     
   1.92000000000000        2.39875494096029     
   1.93000000000000        2.39990105304971     
   1.94000000000000        2.40051180030936     
   1.95000000000000        2.40037965036866     
   1.96000000000000        2.39953926109157     
   1.97000000000000        2.39806337271250     
   1.98000000000000        2.39614128392439     
   1.99000000000000        2.39382714367105     
   2.00000000000000        2.39095948441486     
   2.01000000000000        2.38755883675497     
   2.02000000000000        2.38364381684968     
   2.03000000000000        2.37923474004650     
   2.04000000000000        2.37432719399502     
   2.05000000000000        2.36885426422437     
   2.06000000000000        2.36268790545464     
   2.07000000000000        2.35567882554560     
   2.08000000000000        2.34809982005107     
   2.09000000000000        2.33969269772511     
   2.10000000000000        2.34189994096561     
   2.11000000000000        2.34543442637660     
   2.12000000000000        2.34776743192089     
   2.13000000000000        2.34952521420630     
   2.14000000000000        2.35056277947619     
   2.15000000000000        2.35046866149420     
   2.16000000000000        2.35020543630432     
   2.17000000000000        2.34868632398838     
   2.18000000000000        2.34660900126394     
   2.19000000000000        2.34379818130210     
   2.20000000000000        2.33974656399914     
   2.21000000000000        2.33561623907396     
   2.22000000000000        2.33030715664111     
   2.23000000000000        2.32409854420739     
   2.24000000000000        2.31756583867320     
   2.25000000000000        2.30984513311897     
   2.26000000000000        2.30151710825312     
   2.27000000000000        2.29264049750262     
   2.28000000000000        2.28262638562055     
   2.29000000000000        2.27219499917307     
   2.30000000000000        2.26110888516859     
   2.31000000000000        2.24894678009822     
   2.32000000000000        2.23644799663056     
   2.33000000000000        2.22331036249987     
   2.34000000000000        2.20916527543884     
   2.35000000000000        2.19468523309722     
   2.36000000000000        2.17967078741601     
   2.37000000000000        2.16372339313820     
   2.38000000000000        2.14747428602197     
   2.39000000000000        2.13076882243414     
   2.40000000000000        2.11320850419172     
   2.41000000000000        2.09557559751845     
   2.42000000000000        2.07736910077802     
   2.43000000000000        2.05865129638845     
   2.44000000000000        2.03986369514589     
   2.45000000000000        2.02049661215875     
   2.46000000000000        2.00118947689371     
   2.47000000000000        1.98151693937275     
   2.48000000000000        1.96174898563638     
   2.49000000000000        1.94197961679416     
   2.50000000000000        1.92193721705515     
   2.51000000000000        1.90200256749602     
   2.52000000000000        1.88187569145215     
   2.53000000000000        1.86160276802241     
   2.54000000000000        1.84133437507873     
   2.55000000000000        1.82077716159980     
   2.56000000000000        1.80034708002519     
   2.57000000000000        1.77955856661743     
   2.58000000000000        1.75898450497339     
   2.59000000000000        1.73802150648146     
   2.60000000000000        1.71733756905637     
   2.61000000000000        1.69633425656299     
   2.62000000000000        1.67552746215705     
   2.63000000000000        1.65460203171858     
   2.64000000000000        1.63371716884829     
   2.65000000000000        1.61301877561160     
   2.66000000000000        1.59238768629944     
   2.67000000000000        1.57193111244806     
   2.68000000000000        1.55169229325094     
   2.69000000000000        1.53168014044141     
   2.70000000000000        1.51193998882217     
   2.71000000000000        1.49236221813781     
   2.72000000000000        1.47711046460211     
   2.73000000000000        1.49350802912751     
   2.74000000000000        1.50756378918968     
   2.75000000000000        1.51927262253945     
   2.76000000000000        1.52863269594162     
   2.77000000000000        1.53578353522547     
   2.78000000000000        1.54072206215313     
   2.79000000000000        1.54338115388309     
   2.80000000000000        1.54379189903237     
   2.81000000000000        1.54200261261932     
   2.82000000000000        1.53816057114174     
   2.83000000000000        1.53246958778944     
   2.84000000000000        1.52476247875482     
   2.85000000000000        1.51509415008336     
   2.86000000000000        1.50351824092102     
   2.87000000000000        1.49047598662362     
   2.88000000000000        1.47566539090436     
   2.89000000000000        1.45911749102228     
   2.90000000000000        1.44111491024417     
   2.91000000000000        1.42172257666977     
   2.92000000000000        1.40069822947251     
   2.93000000000000        1.37855719545058     
   2.94000000000000        1.35501529639741     
   2.95000000000000        1.33027252269293     
   2.96000000000000        1.31502655004987     
   2.97000000000000        1.30515357287292     
   2.98000000000000        1.29381785408892     
   2.99000000000000        1.28143532900798     
   3.00000000000000        1.26843072775644     
   3.01000000000000        1.25471603039644     
   3.02000000000000        1.24023026140589     
   3.03000000000000        1.22491331466002     
   3.04000000000000        1.20875132078198     
   3.05000000000000        1.19166455770089     
   3.06000000000000        1.17372358463624     
   3.07000000000000        1.15513495697834     
   3.08000000000000        1.13589747596891     
   3.09000000000000        1.11601824615401     
   3.10000000000000        1.09559228629821     
   3.11000000000000        1.07487105291781     
   3.12000000000000        1.05380538730625     
   3.13000000000000        1.03266518148438     
   3.14000000000000        1.02335575646926     
   3.15000000000000        1.01657604198119     
   3.16000000000000        1.00972757034961     
   3.17000000000000        1.00281552485614     
   3.18000000000000       0.995844882245818     
   3.19000000000000       0.988820704092906     
   3.20000000000000       0.981881154472210     
   3.21000000000000       0.974942421990824     
   3.22000000000000       0.967959052031582     
   3.23000000000000       0.960935388860187     
   3.24000000000000       0.953875856489403     
   3.25000000000000       0.946784735322553     
   3.26000000000000       0.939665956438735     
   3.27000000000000       0.932523426021239     
   3.28000000000000       0.925483913387358     
   3.29000000000000       0.918455622389395     
   3.30000000000000       0.911410103732552     
   3.31000000000000       0.904350744178002     
   3.32000000000000       0.897281101216952     
   3.33000000000000       0.890204318742993     
   3.34000000000000       0.883123428833624     
   3.35000000000000       0.876045554860778     
   3.36000000000000       0.869095658986150     
   3.37000000000000       0.862146636344648     
   3.38000000000000       0.855201158097587     
   3.39000000000000       0.848261881425404     
   3.40000000000000       0.841331274450531     
   3.41000000000000       0.834411962341260     
   3.42000000000000       0.827506212298948     
   3.43000000000000       0.820646904349241     
   3.44000000000000       0.813883472011635     
   3.45000000000000       0.807136753050813     
   3.46000000000000       0.800408726280394     
   3.47000000000000       0.793701597144502     
   3.48000000000000       0.787016936881956     
   3.49000000000000       0.780356778305824     
   3.50000000000000       0.773722836988718     
   3.51000000000000       0.767116602913076     
   3.52000000000000       0.760628075855874     
   3.53000000000000       0.754169454361331     
   3.54000000000000       0.747740378311219     
   3.55000000000000       0.741342254368813     
   3.56000000000000       0.734976283051045     
   3.57000000000000       0.728643739445995     
   3.58000000000000       0.722345965383729     
   3.59000000000000       0.716084035107345     
   3.60000000000000       0.709859029116575     
   3.61000000000000       0.703712463125639     
   3.62000000000000       0.697634989145961     
   3.63000000000000       0.691594978177606     
   3.64000000000000       0.685593340052515     
   3.65000000000000       0.679631110560754     
   3.66000000000000       0.673708907881374     
   3.67000000000000       0.667827543044786     
   3.68000000000000       0.661987717162962     
   3.69000000000000       0.656190083904645     
   3.70000000000000       0.650435251056554     
   3.71000000000000       0.644723782050545     
   3.72000000000000       0.639091983861946     
   3.73000000000000       0.633522229674423     
   3.74000000000000       0.627995500856957     
   3.75000000000000       0.622512243812613     
   3.76000000000000       0.617072918137615     
   3.77000000000000       0.611677791825655     
   3.78000000000000       0.606327252861222     
   3.79000000000000       0.601021602901412     
   3.80000000000000       0.595761159142529     
   3.81000000000000       0.590546060687078     
   3.82000000000000       0.585376610213013     
   3.83000000000000       0.580252889458154     
   3.84000000000000       0.575176409700113     
   3.85000000000000       0.570183849668078     
   3.86000000000000       0.565236142758929     
   3.87000000000000       0.560333348757057     
   3.88000000000000       0.555475461568033     
   3.89000000000000       0.550662669991068     
   3.90000000000000       0.545895048209645     
   3.91000000000000       0.541172437844924     
   3.92000000000000       0.536494915062631     
   3.93000000000000       0.531862450130267     
   3.94000000000000       0.527275033868038     
   3.95000000000000       0.522732518086828     
   3.96000000000000       0.518234896697260     
   3.97000000000000       0.513781988938341     
   3.98000000000000       0.509373753371766     
   3.99000000000000       0.505019601030086     
   4.00000000000000       0.500726071104677     
   4.01000000000000       0.496475818020325     
   4.02000000000000       0.492268726824482     
   4.03000000000000       0.488104596568836     
   4.04000000000000       0.483983215521952     
   4.05000000000000       0.479904464989153     
   4.06000000000000       0.475868041254318     
   4.07000000000000       0.471873903269498     
   4.08000000000000       0.467921659974276     
   4.09000000000000       0.464011147821850     
   4.10000000000000       0.460142190483669     
   4.11000000000000       0.456314408800598     
   4.12000000000000       0.452527610299643     
   4.13000000000000       0.448781560416515     
   4.14000000000000       0.445075954553644     
   4.15000000000000       0.441410482873584     
   4.16000000000000       0.437784949721367     
   4.17000000000000       0.434208374925029     
   4.18000000000000       0.430677059281954     
   4.19000000000000       0.427184166578841     
   4.20000000000000       0.423729377319504     
   4.21000000000000       0.420312452230239     
   4.22000000000000       0.416933061957051     
   4.23000000000000       0.413590874354630     
   4.24000000000000       0.410285662167425     
   4.25000000000000       0.407017031391554     
   4.26000000000000       0.403784641182241     
   4.27000000000000       0.400588278254292     
   4.28000000000000       0.397427568240699     
   4.29000000000000       0.394302162177740     
   4.30000000000000       0.391211809779682     
   4.31000000000000       0.388156107619601     
   4.32000000000000       0.385134751444141     
   4.33000000000000       0.382147386389874     
   4.34000000000000       0.379193752318661     
   4.35000000000000       0.376273444223752     
   4.36000000000000       0.373386129134672     
   4.37000000000000       0.370531541959052     
   4.38000000000000       0.367709256004187     
   4.39000000000000       0.364919004732663     
   4.40000000000000       0.362160430257815     
   4.41000000000000       0.359435817891694     
   4.42000000000000       0.356746970857634     
   4.43000000000000       0.354088471631652     
   4.44000000000000       0.351460101918021     
   4.45000000000000       0.348861431607056     
   4.46000000000000       0.346292138579687     
   4.47000000000000       0.343752022865655     
   4.48000000000000       0.341240599567530     
   4.49000000000000       0.338757708668809     
   4.50000000000000       0.336302910244582     
   4.51000000000000       0.333875925612463     
   4.52000000000000       0.331476399218043     
   4.53000000000000       0.329104129631241     
   4.54000000000000       0.326758687856662     
   4.55000000000000       0.324439799203381     
   4.56000000000000       0.322147152476875     
   4.57000000000000       0.319880438235729     
   4.58000000000000       0.317639348865780     
   4.59000000000000       0.315423578650076     
   4.60000000000000       0.313232823834773     
   4.61000000000000       0.311066782691144     
   4.62000000000000       0.308925189631017     
   4.63000000000000       0.306807644975296     
   4.64000000000000       0.304713988881250     
   4.65000000000000       0.302643794298091     
   4.66000000000000       0.300596902910074     
   4.67000000000000       0.298572927432577     
   4.68000000000000       0.296571614684405     
   4.69000000000000       0.294592680945162     
   4.70000000000000       0.292635876096055     
   4.71000000000000       0.290700858622334     
   4.72000000000000       0.288787383693032     
   4.73000000000000       0.286895177473634     
   4.74000000000000       0.285023968663510     
   4.75000000000000       0.283173488516200     
   4.76000000000000       0.281343470857426     
   4.77000000000000       0.279533652101051     
   4.78000000000000       0.278831537525682     
   4.79000000000000       0.279842005316237     
   4.80000000000000       0.280864042946339     
   4.81000000000000       0.281889602259167     
   4.82000000000000       0.282929616862691     
   4.83000000000000       0.283964419110664     
   4.84000000000000       0.284991690609514     
   4.85000000000000       0.286018531490491     
   4.86000000000000       0.287024151474787     
   4.87000000000000       0.288248398107106     
   4.88000000000000       0.289539759857895     
   4.89000000000000       0.290810802862577     
   4.90000000000000       0.292067900450802     
   4.91000000000000       0.293308507780570     
   4.92000000000000       0.294516521096882     
   4.93000000000000       0.295700685013580     
   4.94000000000000       0.296858943372955     
   4.95000000000000       0.297974590772438     
   4.96000000000000       0.299047546335499     
   4.97000000000000       0.300097751119718     
   4.98000000000000       0.301097184630681     
   4.99000000000000       0.302043398202990     
   5.00000000000000       0.302949852884871     
   5.01000000000000       0.303814806426561     
   5.02000000000000       0.304620999498805     
   5.03000000000000       0.305366865016494     
   5.04000000000000       0.306077429430329     
   5.05000000000000       0.306732303160224     
   5.06000000000000       0.307323668540160     
   5.07000000000000       0.307853530883512     
   5.08000000000000       0.308350483854668     
   5.09000000000000       0.308782265648575     
   5.10000000000000       0.309148558242541     
   5.11000000000000       0.309464775926154     
   5.12000000000000       0.309735804936955     
   5.13000000000000       0.309941558350916     
   5.14000000000000       0.310082299853947     
   5.15000000000000       0.310190968666895     
   5.16000000000000       0.310239425772969     
   5.17000000000000       0.310224412361107     
   5.18000000000000       0.310164922776809     
   5.19000000000000       0.310061844823031     
   5.20000000000000       0.309897706358731     
   5.21000000000000       0.309682036622667     
   5.22000000000000       0.309435191298879     
   5.23000000000000       0.309130199223781     
   5.24000000000000       0.308771335226092     
   5.25000000000000       0.308389751091260     
   5.26000000000000       0.307953385807663     
   5.27000000000000       0.307466551875150     
   5.28000000000000       0.306960214925701     
   5.29000000000000       0.306402612555823     
   5.30000000000000       0.305806998222407     
   5.31000000000000       0.305186170594953     
   5.32000000000000       0.304517751584734     
   5.33000000000000       0.303835450310170     
   5.34000000000000       0.303110471435387     
   5.35000000000000       0.302371047249461     
   5.36000000000000       0.301594244407496     
   5.37000000000000       0.300809171713360     
   5.38000000000000       0.299993210717626     
   5.39000000000000       0.299161264287314     
   5.40000000000000       0.298311795457017     
   5.41000000000000       0.297439284176111     
   5.42000000000000       0.296560273526043     
   5.43000000000000       0.295668337343713     
   5.44000000000000       0.294768875072556     
   5.45000000000000       0.293869777695919     
   5.46000000000000       0.292988161959562     
   5.47000000000000       0.292135185786501     
   5.48000000000000       0.291306869320912     
   5.49000000000000       0.290495987945319     
   5.50000000000000       0.289699947318219     
   5.51000000000000       0.289268535841321     
   5.52000000000000       0.289017497254890     
   5.53000000000000       0.288741807645123     
   5.54000000000000       0.288449995355071     
   5.55000000000000       0.288134860698812     
   5.56000000000000       0.287804049272834     
   5.57000000000000       0.287447250165925     
   5.58000000000000       0.287079006359845     
   5.59000000000000       0.286677125986486     
   5.60000000000000       0.286272769192152     
   5.61000000000000       0.285835085795181     
   5.62000000000000       0.285383027744517     
   5.63000000000000       0.284910843379165     
   5.64000000000000       0.284410298907559     
   5.65000000000000       0.283904338087133     
   5.66000000000000       0.283366271792232     
   5.67000000000000       0.282819988806131     
   5.68000000000000       0.282248815166911     
   5.69000000000000       0.281664202646893     
   5.70000000000000       0.281060055162039     
   5.71000000000000       0.280443015701679     
   5.72000000000000       0.279805794483011     
   5.73000000000000       0.279160587656493     
   5.74000000000000       0.278491533842111     
   5.75000000000000       0.277818978248121     
   5.76000000000000       0.277123905185502     
   5.77000000000000       0.276417139588207     
   5.78000000000000       0.275692419461761     
   5.79000000000000       0.274950815488330     
   5.80000000000000       0.274191167616304     
   5.81000000000000       0.273413990999151     
   5.82000000000000       0.272614150985829     
   5.83000000000000       0.271800639222436     
   5.84000000000000       0.270956332964335     
   5.85000000000000       0.270479483479001     
   5.86000000000000       0.270604653389759     
   5.87000000000000       0.270719172107972     
   5.88000000000000       0.270822058754466     
   5.89000000000000       0.270906180730331     
   5.90000000000000       0.270973102304356     
   5.91000000000000       0.271014021162916     
   5.92000000000000       0.271032319065200     
   5.93000000000000       0.271028191014763     
   5.94000000000000       0.270996310643203     
   5.95000000000000       0.270943038166044     
   5.96000000000000       0.270858773284052     
   5.97000000000000       0.270748260854747     
   5.98000000000000       0.270599409677966     
   5.99000000000000       0.270405597316852     
   6.00000000000000       0.270163518745902     
