   0.00000   0.00000
   0.01000   0.00000
   0.02000   0.00000
   0.03000   0.00000
   0.04000   0.00000
   0.05000   0.00000
   0.06000   0.00000
   0.07000   0.00000
   0.08000   0.00000
   0.09000  -0.00001
   0.10000  -0.00001
   0.11000   0.00000
   0.12000   0.00001
   0.13000   0.00000
   0.14000  -0.00001
   0.15000   0.00001
   0.16000   0.00000
   0.17000  -0.00002
   0.18000  -0.00002
   0.19000  -0.00003
   0.20000  -0.00003
   0.21000  -0.00002
   0.22000  -0.00002
   0.23000  -0.00001
   0.24000   0.00000
   0.25000   0.00001
   0.26000  -0.00003
   0.27000  -0.00006
   0.28000  -0.00008
   0.29000  -0.00007
   0.30000  -0.00007
   0.31000  -0.00007
   0.32000  -0.00009
   0.33000  -0.00012
   0.34000  -0.00011
   0.35000   0.00003
   0.36000   0.00023
   0.37000   0.00020
   0.38000   0.00002
   0.39000   0.00000
   0.40000   0.00017
   0.41000   0.00021
   0.42000   0.00001
   0.43000  -0.00013
   0.44000  -0.00012
   0.45000  -0.00014
   0.46000  -0.00016
   0.47000  -0.00014
   0.48000  -0.00012
   0.49000  -0.00022
   0.50000  -0.00038
   0.51000  -0.00030
   0.52000   0.00019
   0.53000   0.00029
   0.54000   0.00009
   0.55000   0.00006
   0.56000  -0.00008
   0.57000  -0.00027
   0.58000  -0.00031
   0.59000  -0.00033
   0.60000  -0.00006
   0.61000   0.00021
   0.62000  -0.00003
   0.63000  -0.00025
   0.64000  -0.00002
   0.65000   0.00028
   0.66000   0.00020
   0.67000  -0.00005
   0.68000  -0.00006
   0.69000   0.00020
   0.70000   0.00014
   0.71000  -0.00020
   0.72000  -0.00050
   0.73000  -0.00044
   0.74000  -0.00034
   0.75000  -0.00027
   0.76000   0.00052
   0.77000   0.00101
   0.78000   0.00036
   0.79000  -0.00045
   0.80000  -0.00015
   0.81000   0.00030
   0.82000   0.00025
   0.83000   0.00001
   0.84000  -0.00012
   0.85000  -0.00022
   0.86000  -0.00052
   0.87000  -0.00064
   0.88000  -0.00080
   0.89000  -0.00126
   0.90000  -0.00137
   0.91000  -0.00098
   0.92000  -0.00059
   0.93000  -0.00029
   0.94000  -0.00047
   0.95000  -0.00049
   0.96000  -0.00038
   0.97000  -0.00003
   0.98000   0.00012
   0.99000  -0.00030
   1.00000  -0.00041
   1.01000  -0.00042
   1.02000  -0.00046
   1.03000  -0.00078
   1.04000  -0.00095
   1.05000  -0.00001
   1.06000   0.00067
   1.07000   0.00024
   1.08000   0.00005
   1.09000   0.00067
   1.10000   0.00119
   1.11000   0.00056
   1.12000  -0.00028
   1.13000  -0.00022
   1.14000   0.00058
   1.15000   0.00128
   1.16000   0.00073
   1.17000  -0.00068
   1.18000  -0.00119
   1.19000  -0.00116
   1.20000  -0.00140
   1.21000  -0.00170
   1.22000  -0.00157
   1.23000  -0.00065
   1.24000   0.00014
   1.25000   0.00028
   1.26000   0.00108
   1.27000   0.00165
   1.28000   0.00122
   1.29000   0.00134
   1.30000   0.00153
   1.31000   0.00078
   1.32000  -0.00007
   1.33000  -0.00046
   1.34000  -0.00089
   1.35000  -0.00101
   1.36000  -0.00106
   1.37000  -0.00058
   1.38000   0.00023
   1.39000  -0.00018
   1.40000  -0.00058
   1.41000   0.00016
   1.42000   0.00072
   1.43000   0.00040
   1.44000  -0.00003
   1.45000  -0.00027
   1.46000  -0.00101
   1.47000  -0.00124
   1.48000  -0.00038
   1.49000   0.00000
   1.50000   0.00028
   1.51000  -0.00039
   1.52000  -0.00184
   1.53000  -0.00254
   1.54000  -0.00195
   1.55000  -0.00015
   1.56000   0.00110
   1.57000   0.00138
   1.58000   0.00098
   1.59000  -0.00020
   1.60000  -0.00058
   1.61000  -0.00081
   1.62000  -0.00104
   1.63000  -0.00074
   1.64000  -0.00067
   1.65000   0.00009
   1.66000   0.00125
   1.67000   0.00126
   1.68000   0.00043
   1.69000   0.00016
   1.70000   0.00038
   1.71000  -0.00101
   1.72000  -0.00218
   1.73000  -0.00058
   1.74000   0.00043
   1.75000   0.00031
   1.76000   0.00094
   1.77000   0.00092
   1.78000   0.00030
   1.79000   0.00082
   1.80000   0.00182
   1.81000   0.00036
   1.82000  -0.00166
   1.83000  -0.00074
   1.84000  -0.00004
   1.85000  -0.00147
   1.86000  -0.00236
   1.87000  -0.00063
   1.88000   0.00133
   1.89000   0.00204
   1.90000   0.00205
   1.91000   0.00117
   1.92000   0.00120
   1.93000   0.00150
   1.94000   0.00025
   1.95000  -0.00061
   1.96000  -0.00091
   1.97000  -0.00057
   1.98000  -0.00010
   1.99000  -0.00066
   2.00000  -0.00083
   2.01000   0.00030
   2.02000   0.00191
   2.03000   0.00162
   2.04000  -0.00062
   2.05000  -0.00134
   2.06000  -0.00027
   2.07000   0.00010
   2.08000  -0.00099
   2.09000  -0.00217
   2.10000  -0.00131
   2.11000   0.00011
   2.12000   0.00182
   2.13000   0.00194
   2.14000  -0.00052
   2.15000  -0.00243
   2.16000  -0.00139
   2.17000   0.00064
   2.18000   0.00093
   2.19000  -0.00045
   2.20000   0.00020
   2.21000   0.00326
   2.22000   0.00382
   2.23000   0.00156
   2.24000  -0.00125
   2.25000  -0.00253
   2.26000  -0.00200
   2.27000  -0.00106
   2.28000  -0.00031
   2.29000  -0.00148
   2.30000  -0.00210
   2.31000  -0.00010
   2.32000   0.00191
   2.33000   0.00272
   2.34000   0.00253
   2.35000   0.00186
   2.36000   0.00115
   2.37000   0.00148
   2.38000   0.00261
   2.39000   0.00079
   2.40000  -0.00322
   2.41000  -0.00465
   2.42000  -0.00344
   2.43000  -0.00257
   2.44000  -0.00354
   2.45000  -0.00289
   2.46000   0.00042
   2.47000   0.00296
   2.48000   0.00267
   2.49000   0.00099
   2.50000   0.00101
   2.51000   0.00197
   2.52000   0.00253
   2.53000   0.00179
   2.54000  -0.00042
   2.55000  -0.00291
   2.56000  -0.00304
   2.57000  -0.00176
   2.58000  -0.00095
   2.59000   0.00061
   2.60000   0.00249
   2.61000   0.00182
   2.62000   0.00025
   2.63000   0.00121
   2.64000   0.00192
   2.65000   0.00073
   2.66000  -0.00108
   2.67000  -0.00124
   2.68000   0.00013
   2.69000   0.00004
   2.70000  -0.00029
   2.71000  -0.00044
   2.72000  -0.00003
   2.73000   0.00000
   2.74000  -0.00225
   2.75000  -0.00456
   2.76000  -0.00666
   2.77000  -0.00616
   2.78000  -0.00161
   2.79000   0.00442
   2.80000   0.01002
   2.81000   0.01187
   2.82000   0.00899
   2.83000   0.00241
   2.84000  -0.00239
   2.85000  -0.00094
   2.86000   0.00336
   2.87000   0.00417
   2.88000   0.00088
   2.89000  -0.00207
   2.90000  -0.00103
   2.91000   0.00258
   2.92000   0.00386
   2.93000   0.00114
   2.94000  -0.00353
   2.95000  -0.00542
   2.96000  -0.00327
   2.97000  -0.00018
   2.98000   0.00102
   2.99000   0.00296
   3.00000   0.00892
   3.01000   0.01235
   3.02000   0.00611
   3.03000  -0.00634
   3.04000  -0.01497
   3.05000  -0.01094
   3.06000   0.00108
   3.07000   0.00813
   3.08000   0.00344
   3.09000  -0.00596
   3.10000  -0.00926
   3.11000  -0.00668
   3.12000  -0.00291
   3.13000  -0.00406
   3.14000  -0.01089
   3.15000  -0.01055
   3.16000   0.00288
   3.17000   0.01547
   3.18000   0.01388
   3.19000   0.00260
   3.20000  -0.00244
   3.21000   0.00424
   3.22000   0.01084
   3.23000   0.00520
   3.24000  -0.01004
   3.25000  -0.01987
   3.26000  -0.01486
   3.27000   0.00058
   3.28000   0.01210
   3.29000   0.00818
   3.30000  -0.00431
   3.31000  -0.01067
   3.32000  -0.00848
   3.33000  -0.00576
   3.34000  -0.00789
   3.35000  -0.00821
   3.36000  -0.00200
   3.37000   0.00543
   3.38000   0.00723
   3.39000   0.00158
   3.40000  -0.00703
   3.41000  -0.01151
   3.42000  -0.00515
   3.43000   0.00638
   3.44000   0.00643
   3.45000  -0.00477
   3.46000  -0.01326
   3.47000  -0.01037
   3.48000   0.00131
   3.49000   0.01072
   3.50000   0.00884
   3.51000  -0.00295
   3.52000  -0.01301
   3.53000  -0.01265
   3.54000  -0.00158
   3.55000   0.01052
   3.56000   0.01188
   3.57000   0.00373
   3.58000  -0.00439
   3.59000  -0.00585
   3.60000  -0.00410
   3.61000  -0.00291
   3.62000  -0.00362
   3.63000  -0.00381
   3.64000  -0.00032
   3.65000   0.00946
   3.66000   0.01956
   3.67000   0.01934
   3.68000   0.00784
   3.69000  -0.00741
   3.70000  -0.01867
   3.71000  -0.02622
   3.72000  -0.02872
   3.73000  -0.02343
   3.74000  -0.00878
   3.75000   0.01010
   3.76000   0.01998
   3.77000   0.01364
   3.78000  -0.00142
   3.79000  -0.00967
   3.80000  -0.00064
   3.81000   0.01885
   3.82000   0.02862
   3.83000   0.01908
   3.84000  -0.00097
   3.85000  -0.01566
   3.86000  -0.01734
   3.87000  -0.00975
   3.88000  -0.00133
   3.89000   0.00127
   3.90000   0.00199
   3.91000   0.00655
   3.92000   0.01117
   3.93000   0.00863
   3.94000  -0.00272
   3.95000  -0.01507
   3.96000  -0.02200
   3.97000  -0.02182
   3.98000  -0.01626
   3.99000  -0.00834
   4.00000   0.00060
   4.01000   0.01101
   4.02000   0.02597
   4.03000   0.04543
   4.04000   0.05652
   4.05000   0.04640
   4.06000   0.01927
   4.07000  -0.00796
   4.08000  -0.01761
   4.09000  -0.00982
   4.10000  -0.00069
   4.11000  -0.00524
   4.12000  -0.01940
   4.13000  -0.02231
   4.14000  -0.00577
   4.15000   0.01504
   4.16000   0.02031
   4.17000   0.00618
   4.18000  -0.00528
   4.19000   0.00873
   4.20000   0.04188
   4.21000   0.06306
   4.22000   0.04777
   4.23000   0.00483
   4.24000  -0.03167
   4.25000  -0.03343
   4.26000  -0.00883
   4.27000   0.01092
   4.28000   0.00385
   4.29000  -0.02633
   4.30000  -0.05050
   4.31000  -0.03925
   4.32000  -0.00132
   4.33000   0.02863
   4.34000   0.02599
   4.35000  -0.00037
   4.36000  -0.01854
   4.37000  -0.00771
   4.38000   0.02578
   4.39000   0.05659
   4.40000   0.06614
   4.41000   0.05690
   4.42000   0.04505
   4.43000   0.04415
   4.44000   0.05309
   4.45000   0.05966
   4.46000   0.05374
   4.47000   0.03907
   4.48000   0.02691
   4.49000   0.02278
   4.50000   0.01780
   4.51000  -0.00388
   4.52000  -0.04621
   4.53000  -0.09680
   4.54000  -0.13919
   4.55000  -0.16085
   4.56000  -0.15105
   4.57000  -0.10346
   4.58000  -0.02647
   4.59000   0.05905
   4.60000   0.13241
   4.61000   0.18166
   4.62000   0.20691
   4.63000   0.21251
   4.64000   0.19733
   4.65000   0.15731
   4.66000   0.10077
   4.67000   0.05047
   4.68000   0.01957
   4.69000  -0.00780
   4.70000  -0.05591
   4.71000  -0.12467
   4.72000  -0.18780
   4.73000  -0.21977
   4.74000  -0.22024
   4.75000  -0.21249
   4.76000  -0.21801
   4.77000  -0.22831
   4.78000  -0.21263
   4.79000  -0.15337
   4.80000  -0.07149
   4.81000  -0.00536
   4.82000   0.02120
   4.83000   0.01239
   4.84000  -0.00708
   4.85000  -0.00425
   4.86000   0.04504
   4.87000   0.13460
   4.88000   0.22057
   4.89000   0.25844
   4.90000   0.24108
   4.91000   0.19969
   4.92000   0.18332
   4.93000   0.21988
   4.94000   0.28208
   4.95000   0.31068
   4.96000   0.26890
   4.97000   0.17876
   4.98000   0.10517
   4.99000   0.09513
   5.00000   0.12780
   5.01000   0.13431
   5.02000   0.06914
   5.03000  -0.04449
   5.04000  -0.14154
   5.05000  -0.17016
   5.06000  -0.13463
   5.07000  -0.08279
   5.08000  -0.05894
   5.09000  -0.06554
   5.10000  -0.06414
   5.11000  -0.02329
   5.12000   0.04373
   5.13000   0.09688
   5.14000   0.10826
   5.15000   0.08609
   5.16000   0.06342
   5.17000   0.06427
   5.18000   0.08119
   5.19000   0.08235
   5.20000   0.03846
   5.21000  -0.05777
   5.22000  -0.18224
   5.23000  -0.28899
   5.24000  -0.33442
   5.25000  -0.30195
   5.26000  -0.22214
   5.27000  -0.15676
   5.28000  -0.14600
   5.29000  -0.17874
   5.30000  -0.21081
   5.31000  -0.21528
   5.32000  -0.20289
   5.33000  -0.19948
   5.34000  -0.20772
   5.35000  -0.19025
   5.36000  -0.10942
   5.37000   0.02551
   5.38000   0.16527
   5.39000   0.26048
   5.40000   0.29107
   5.41000   0.27546
   5.42000   0.24546
   5.43000   0.21993
   5.44000   0.20286
   5.45000   0.18942
   5.46000   0.17197
   5.47000   0.15021
   5.48000   0.14065
   5.49000   0.15483
   5.50000   0.17211
   5.51000   0.15632
   5.52000   0.09218
   5.53000  -0.00525
   5.54000  -0.10250
   5.55000  -0.17000
   5.56000  -0.20540
   5.57000  -0.22181
   5.58000  -0.22161
   5.59000  -0.19470
   5.60000  -0.13590
   5.61000  -0.06517
   5.62000  -0.02737
   5.63000  -0.05854
   5.64000  -0.14885
   5.65000  -0.25125
   5.66000  -0.32265
   5.67000  -0.35022
   5.68000  -0.34622
   5.69000  -0.32521
   5.70000  -0.28479
   5.71000  -0.21772
   5.72000  -0.12834
   5.73000  -0.02920
   5.74000   0.06068
   5.75000   0.12439
   5.76000   0.16400
   5.77000   0.19456
   5.78000   0.22926
   5.79000   0.26446
   5.80000   0.27680
   5.81000   0.24173
   5.82000   0.15354
   5.83000   0.02091
   5.84000  -0.12691
   5.85000  -0.23711
   5.86000  -0.27285
   5.87000  -0.24728
   5.88000  -0.20246
   5.89000  -0.17112
   5.90000  -0.16306
   5.91000  -0.16882
   5.92000  -0.17552
   5.93000  -0.18178
   5.94000  -0.19077
   5.95000  -0.19680
   5.96000  -0.19108
   5.97000  -0.17350
   5.98000  -0.15287
   5.99000  -0.14700
   6.00000  -0.16598
   6.01000  -0.19892
   6.02000  -0.22438
   6.03000  -0.23273
   6.04000  -0.23222
   6.05000  -0.23141
   6.06000  -0.22545
   6.07000  -0.19543
   6.08000  -0.12410
   6.09000  -0.01426
   6.10000   0.11081
   6.11000   0.22217
   6.12000   0.29805
   6.13000   0.33480
   6.14000   0.34103
   6.15000   0.32199
   6.16000   0.27610
   6.17000   0.20700
   6.18000   0.13363
   6.19000   0.08677
   6.20000   0.08945
   6.21000   0.14161
   6.22000   0.21542
   6.23000   0.27510
   6.24000   0.30395
   6.25000   0.31370
   6.26000   0.32415
   6.27000   0.34010
   6.28000   0.35292
   6.29000   0.35525
   6.30000   0.34325
   6.31000   0.31289
   6.32000   0.26411
   6.33000   0.20110
   6.34000   0.12632
   6.35000   0.04777
   6.36000  -0.02060
   6.37000  -0.06899
   6.38000  -0.09591
   6.39000  -0.10454
   6.40000  -0.09563
   6.41000  -0.06962
   6.42000  -0.03281
   6.43000   0.00461
   6.44000   0.03156
   6.45000   0.04010
   6.46000   0.02916
   6.47000   0.01020
   6.48000  -0.00361
   6.49000  -0.00484
   6.50000   0.01371
   6.51000   0.05115
   6.52000   0.08485
   6.53000   0.08291
   6.54000   0.03134
   6.55000  -0.05394
   6.56000  -0.14325
   6.57000  -0.20651
   6.58000  -0.23047
   6.59000  -0.23310
   6.60000  -0.24351
   6.61000  -0.26890
   6.62000  -0.27884
   6.63000  -0.23410
   6.64000  -0.12712
   6.65000   0.00983
   6.66000   0.12578
   6.67000   0.19554
   6.68000   0.23281
   6.69000   0.26220
   6.70000   0.28878
   6.71000   0.29599
   6.72000   0.26928
   6.73000   0.20995
   6.74000   0.13465
   6.75000   0.06278
   6.76000  -0.00387
   6.77000  -0.07645
   6.78000  -0.16510
   6.79000  -0.26318
   6.80000  -0.34165
   6.81000  -0.37270
   6.82000  -0.35801
   6.83000  -0.32529
   6.84000  -0.30701
   6.85000  -0.31082
   6.86000  -0.30310
   6.87000  -0.23443
   6.88000  -0.08900
   6.89000   0.09602
   6.90000   0.26037
   6.91000   0.36307
   6.92000   0.39966
   6.93000   0.38997
   6.94000   0.35899
   6.95000   0.32690
   6.96000   0.29727
   6.97000   0.25356
   6.98000   0.17885
   6.99000   0.08375
   7.00000  -0.00185
   7.01000  -0.05728
   7.02000  -0.07594
   7.03000  -0.06225
   7.04000  -0.03522
   7.05000  -0.01123
   7.06000   0.01360
   7.07000   0.06364
   7.08000   0.15320
   7.09000   0.26376
   7.10000   0.36643
   7.11000   0.44428
   7.12000   0.49392
   7.13000   0.51697
   7.14000   0.51205
   7.15000   0.48045
   7.16000   0.42669
   7.17000   0.35864
   7.18000   0.27800
   7.19000   0.16573
   7.20000   0.00729
   7.21000  -0.17964
   7.22000  -0.36459
   7.23000  -0.55385
   7.24000  -0.75340
   7.25000  -0.91878
   7.26000  -1.00000
   7.27000  -0.99906
   7.28000  -0.95502
   7.29000  -0.90073
   7.30000  -0.84805
   7.31000  -0.79592
   7.32000  -0.72359
   7.33000  -0.59909
   7.34000  -0.42129
   7.35000  -0.23327
   7.36000  -0.07432
   7.37000   0.05720
   7.38000   0.17574
   7.39000   0.28699
   7.40000   0.38895
   7.41000   0.47273
   7.42000   0.52329
   7.43000   0.52531
   7.44000   0.48925
   7.45000   0.44964
   7.46000   0.42325
   7.47000   0.40855
   7.48000   0.40110
   7.49000   0.38782
   7.50000   0.35259
   7.51000   0.29228
   7.52000   0.22342
   7.53000   0.16165
   7.54000   0.11505
   7.55000   0.09069
   7.56000   0.09341
   7.57000   0.11880
   7.58000   0.15693
   7.59000   0.19854
   7.60000   0.23837
   7.61000   0.27376
   7.62000   0.29707
   7.63000   0.29744
   7.64000   0.26567
   7.65000   0.19961
   7.66000   0.10198
   7.67000  -0.01774
   7.68000  -0.14614
   7.69000  -0.27323
   7.70000  -0.39224
   7.71000  -0.49428
   7.72000  -0.57179
   7.73000  -0.62345
   7.74000  -0.65395
   7.75000  -0.67607
   7.76000  -0.69388
   7.77000  -0.69766
   7.78000  -0.67820
   7.79000  -0.64141
   7.80000  -0.60227
   7.81000  -0.55891
   7.82000  -0.48740
   7.83000  -0.37527
   7.84000  -0.24283
   7.85000  -0.11758
   7.86000  -0.01383
   7.87000   0.05492
   7.88000   0.08959
   7.89000   0.11459
   7.90000   0.15790
   7.91000   0.22480
   7.92000   0.30608
   7.93000   0.38625
   7.94000   0.45264
   7.95000   0.50398
   7.96000   0.54405
   7.97000   0.57160
   7.98000   0.58083
   7.99000   0.57018
   8.00000   0.54923
   8.01000   0.53532
   8.02000   0.53854
   8.03000   0.54891
   8.04000   0.53748
   8.05000   0.46834
   8.06000   0.33352
   8.07000   0.16598
   8.08000  -0.00172
   8.09000  -0.16296
   8.10000  -0.32218
   8.11000  -0.47620
   8.12000  -0.60647
   8.13000  -0.69055
   8.14000  -0.72243
   8.15000  -0.71685
   8.16000  -0.69816
   8.17000  -0.68161
   8.18000  -0.66549
   8.19000  -0.63199
   8.20000  -0.55929
   8.21000  -0.43704
   8.22000  -0.28975
   8.23000  -0.17705
   8.24000  -0.13066
   8.25000  -0.11993
   8.26000  -0.11098
   8.27000  -0.09520
   8.28000  -0.06485
   8.29000  -0.01471
   8.30000   0.04889
   8.31000   0.11971
   8.32000   0.19841
   8.33000   0.28320
   8.34000   0.36500
   8.35000   0.43266
   8.36000   0.48002
   8.37000   0.51259
   8.38000   0.54187
   8.39000   0.57539
   8.40000   0.61565
   8.41000   0.65607
   8.42000   0.68376
   8.43000   0.69625
   8.44000   0.69501
   8.45000   0.68047
   8.46000   0.64968
   8.47000   0.58240
   8.48000   0.46259
   8.49000   0.31759
   8.50000   0.19157
   8.51000   0.09145
   8.52000  -0.00101
   8.53000  -0.09074
   8.54000  -0.17817
   8.55000  -0.25944
   8.56000  -0.31702
   8.57000  -0.34917
   8.58000  -0.37044
   8.59000  -0.39927
   8.60000  -0.43650
   8.61000  -0.47214
   8.62000  -0.50104
   8.63000  -0.50979
   8.64000  -0.49552
   8.65000  -0.46557
   8.66000  -0.43205
   8.67000  -0.40567
   8.68000  -0.38833
   8.69000  -0.37174
   8.70000  -0.35572
   8.71000  -0.34303
   8.72000  -0.33200
   8.73000  -0.32795
   8.74000  -0.34566
   8.75000  -0.39085
   8.76000  -0.44848
   8.77000  -0.49785
   8.78000  -0.53041
   8.79000  -0.53611
   8.80000  -0.49512
   8.81000  -0.40175
   8.82000  -0.27509
   8.83000  -0.13650
   8.84000   0.00686
   8.85000   0.15569
   8.86000   0.31022
   8.87000   0.46511
   8.88000   0.60672
   8.89000   0.72334
   8.90000   0.81210
   8.91000   0.87847
   8.92000   0.92911
   8.93000   0.96695
   8.94000   0.98750
   8.95000   0.98345
   8.96000   0.95576
   8.97000   0.91010
   8.98000   0.85093
   8.99000   0.78812
   9.00000   0.72501
   9.01000   0.64365
   9.02000   0.51635
   9.03000   0.34120
   9.04000   0.14675
   9.05000  -0.02990
   9.06000  -0.16089
   9.07000  -0.24767
   9.08000  -0.30923
   9.09000  -0.36743
   9.10000  -0.43766
   9.11000  -0.51055
   9.12000  -0.55786
   9.13000  -0.56179
   9.14000  -0.52344
   9.15000  -0.45359
   9.16000  -0.35819
   9.17000  -0.23583
   9.18000  -0.09884
   9.19000   0.00924
   9.20000   0.04532
   9.21000   0.01819
   9.22000  -0.01983
   9.23000  -0.03683
   9.24000  -0.04181
   9.25000  -0.05206
   9.26000  -0.07341
   9.27000  -0.11029
   9.28000  -0.16538
   9.29000  -0.22899
   9.30000  -0.27924
   9.31000  -0.29577
   9.32000  -0.26853
   9.33000  -0.20059
   9.34000  -0.10583
   9.35000  -0.00225
   9.36000   0.10018
   9.37000   0.19508
   9.38000   0.26960
   9.39000   0.31915
   9.40000   0.35636
   9.41000   0.39476
   9.42000   0.43086
   9.43000   0.45828
   9.44000   0.47687
   9.45000   0.48913
   9.46000   0.49079
   9.47000   0.47083
   9.48000   0.42061
   9.49000   0.33741
   9.50000   0.22413
   9.51000   0.09330
   9.52000  -0.03026
   9.53000  -0.12387
   9.54000  -0.18606
   9.55000  -0.22332
   9.56000  -0.24012
   9.57000  -0.24185
   9.58000  -0.23779
   9.59000  -0.23522
   9.60000  -0.22849
   9.61000  -0.19874
   9.62000  -0.14008
   9.63000  -0.07267
   9.64000  -0.02040
   9.65000   0.00696
   9.66000   0.01387
   9.67000   0.01426
   9.68000   0.00948
   9.69000  -0.01751
   9.70000  -0.06534
   9.71000  -0.11151
   9.72000  -0.13904
   9.73000  -0.14700
   9.74000  -0.14475
   9.75000  -0.14301
   9.76000  -0.14833
   9.77000  -0.15993
   9.78000  -0.17233
   9.79000  -0.18214
   9.80000  -0.18594
   9.81000  -0.17324
   9.82000  -0.13315
   9.83000  -0.07072
   9.84000  -0.00833
   9.85000   0.03149
   9.86000   0.05002
   9.87000   0.06109
   9.88000   0.06970
   9.89000   0.08084
   9.90000   0.10141
   9.91000   0.12970
   9.92000   0.16054
   9.93000   0.18724
   9.94000   0.20564
   9.95000   0.22158
   9.96000   0.24354
   9.97000   0.26831
   9.98000   0.28399
   9.99000   0.28227
  10.00000   0.26339
  10.01000   0.24142
  10.02000   0.23170
  10.03000   0.23599
  10.04000   0.24696
  10.05000   0.25189
  10.06000   0.23770
  10.07000   0.19568
  10.08000   0.12734
  10.09000   0.04197
  10.10000  -0.04640
  10.11000  -0.12737
  10.12000  -0.19013
  10.13000  -0.22633
  10.14000  -0.24286
  10.15000  -0.26364
  10.16000  -0.30561
  10.17000  -0.36761
  10.18000  -0.43886
  10.19000  -0.50808
  10.20000  -0.56559
  10.21000  -0.60026
  10.22000  -0.60023
  10.23000  -0.56369
  10.24000  -0.50612
  10.25000  -0.44179
  10.26000  -0.37258
  10.27000  -0.29966
  10.28000  -0.22710
  10.29000  -0.16772
  10.30000  -0.12960
  10.31000  -0.11707
  10.32000  -0.13345
  10.33000  -0.16864
  10.34000  -0.19917
  10.35000  -0.20644
  10.36000  -0.19049
  10.37000  -0.16888
  10.38000  -0.16377
  10.39000  -0.18553
  10.40000  -0.22463
  10.41000  -0.26055
  10.42000  -0.27945
  10.43000  -0.27983
  10.44000  -0.26763
  10.45000  -0.24762
  10.46000  -0.22415
  10.47000  -0.20028
  10.48000  -0.17716
  10.49000  -0.14754
  10.50000  -0.10584
  10.51000  -0.05205
  10.52000   0.00831
  10.53000   0.06386
  10.54000   0.10555
  10.55000   0.13421
  10.56000   0.15475
  10.57000   0.16701
  10.58000   0.17037
  10.59000   0.16639
  10.60000   0.15899
  10.61000   0.15075
  10.62000   0.13768
  10.63000   0.11596
  10.64000   0.09095
  10.65000   0.06832
  10.66000   0.04966
  10.67000   0.04616
  10.68000   0.06884
  10.69000   0.11304
  10.70000   0.16361
  10.71000   0.20964
  10.72000   0.25056
  10.73000   0.29276
  10.74000   0.33934
  10.75000   0.38349
  10.76000   0.40906
  10.77000   0.40899
  10.78000   0.39098
  10.79000   0.36284
  10.80000   0.33205
  10.81000   0.30294
  10.82000   0.27306
  10.83000   0.23843
  10.84000   0.20328
  10.85000   0.17642
  10.86000   0.16228
  10.87000   0.15704
  10.88000   0.15396
  10.89000   0.14921
  10.90000   0.14085
  10.91000   0.12085
  10.92000   0.07999
  10.93000   0.02097
  10.94000  -0.04625
  10.95000  -0.11081
  10.96000  -0.16533
  10.97000  -0.21560
  10.98000  -0.26939
  10.99000  -0.31851
  11.00000  -0.35224
  11.01000  -0.37212
  11.02000  -0.38825
  11.03000  -0.40871
  11.04000  -0.43073
  11.05000  -0.44475
  11.06000  -0.44111
  11.07000  -0.40800
  11.08000  -0.33437
  11.09000  -0.22995
  11.10000  -0.12464
  11.11000  -0.04387
  11.12000   0.00851
  11.13000   0.04205
  11.14000   0.06389
  11.15000   0.08267
  11.16000   0.11464
  11.17000   0.16736
  11.18000   0.23344
  11.19000   0.30169
  11.20000   0.35910
  11.21000   0.39799
  11.22000   0.41869
  11.23000   0.41918
  11.24000   0.39044
  11.25000   0.32964
  11.26000   0.24629
  11.27000   0.16686
  11.28000   0.11674
  11.29000   0.09811
  11.30000   0.09816
  11.31000   0.11012
  11.32000   0.13306
  11.33000   0.16091
  11.34000   0.18499
  11.35000   0.19613
  11.36000   0.18308
  11.37000   0.14629
  11.38000   0.10505
  11.39000   0.07123
  11.40000   0.03882
  11.41000  -0.00240
  11.42000  -0.05318
  11.43000  -0.10956
  11.44000  -0.16592
  11.45000  -0.21144
  11.46000  -0.23686
  11.47000  -0.24421
  11.48000  -0.24493
  11.49000  -0.24892
  11.50000  -0.26372
  11.51000  -0.28863
  11.52000  -0.31380
  11.53000  -0.33015
  11.54000  -0.32773
  11.55000  -0.29195
  11.56000  -0.21777
  11.57000  -0.12246
  11.58000  -0.03041
  11.59000   0.04842
  11.60000   0.11038
  11.61000   0.14931
  11.62000   0.16345
  11.63000   0.15517
  11.64000   0.12864
  11.65000   0.09176
  11.66000   0.05863
  11.67000   0.04275
  11.68000   0.04616
  11.69000   0.06015
  11.70000   0.07736
  11.71000   0.09670
  11.72000   0.12175
  11.73000   0.15345
  11.74000   0.18612
  11.75000   0.21580
  11.76000   0.23936
  11.77000   0.25431
  11.78000   0.26613
  11.79000   0.28493
  11.80000   0.30893
  11.81000   0.32562
  11.82000   0.32555
  11.83000   0.30183
  11.84000   0.24814
  11.85000   0.17492
  11.86000   0.10913
  11.87000   0.06810
  11.88000   0.04812
  11.89000   0.03667
  11.90000   0.03122
  11.91000   0.03541
  11.92000   0.05227
  11.93000   0.08024
  11.94000   0.10945
  11.95000   0.12927
  11.96000   0.13405
  11.97000   0.12511
  11.98000   0.10279
  11.99000   0.07030
  12.00000   0.04314
  12.01000   0.03015
  12.02000   0.02184
  12.03000   0.00423
  12.04000  -0.03059
  12.05000  -0.08161
  12.06000  -0.13896
  12.07000  -0.18817
  12.08000  -0.22397
  12.09000  -0.24858
  12.10000  -0.26066
  12.11000  -0.25350
  12.12000  -0.22331
  12.13000  -0.18103
  12.14000  -0.14752
  12.15000  -0.13028
  12.16000  -0.12208
  12.17000  -0.11596
  12.18000  -0.10897
  12.19000  -0.09929
  12.20000  -0.08783
  12.21000  -0.07686
  12.22000  -0.06162
  12.23000  -0.03828
  12.24000  -0.01090
  12.25000   0.01205
  12.26000   0.02608
  12.27000   0.03338
  12.28000   0.03909
  12.29000   0.04109
  12.30000   0.03353
  12.31000   0.01344
  12.32000  -0.01598
  12.33000  -0.04544
  12.34000  -0.06676
  12.35000  -0.07806
  12.36000  -0.08183
  12.37000  -0.08221
  12.38000  -0.08238
  12.39000  -0.08689
  12.40000  -0.10023
  12.41000  -0.12231
  12.42000  -0.14853
  12.43000  -0.17042
  12.44000  -0.18319
  12.45000  -0.18249
  12.46000  -0.17011
  12.47000  -0.15534
  12.48000  -0.14566
  12.49000  -0.14320
  12.50000  -0.14628
  12.51000  -0.15132
  12.52000  -0.14901
  12.53000  -0.13215
  12.54000  -0.10769
  12.55000  -0.08595
  12.56000  -0.07405
  12.57000  -0.07974
  12.58000  -0.09914
  12.59000  -0.11753
  12.60000  -0.12407
  12.61000  -0.11899
  12.62000  -0.10465
  12.63000  -0.08205
  12.64000  -0.05189
  12.65000  -0.01640
  12.66000   0.02282
  12.67000   0.06699
  12.68000   0.11647
  12.69000   0.16657
  12.70000   0.21464
  12.71000   0.25703
  12.72000   0.29180
  12.73000   0.31611
  12.74000   0.31998
  12.75000   0.29768
  12.76000   0.25144
  12.77000   0.18831
  12.78000   0.11487
  12.79000   0.04001
  12.80000  -0.02661
  12.81000  -0.07844
  12.82000  -0.11120
  12.83000  -0.12293
  12.84000  -0.11868
  12.85000  -0.11116
  12.86000  -0.10559
  12.87000  -0.09109
  12.88000  -0.06370
  12.89000  -0.03852
  12.90000  -0.02506
  12.91000  -0.02077
  12.92000  -0.02624
  12.93000  -0.04449
  12.94000  -0.07363
  12.95000  -0.10451
  12.96000  -0.12962
  12.97000  -0.15180
  12.98000  -0.17029
  12.99000  -0.17127
  13.00000  -0.14785
  13.01000  -0.11235
  13.02000  -0.08746
  13.03000  -0.09072
  13.04000  -0.11569
  13.05000  -0.14075
  13.06000  -0.15277
  13.07000  -0.15136
  13.08000  -0.14370
  13.09000  -0.13438
  13.10000  -0.12278
  13.11000  -0.11024
  13.12000  -0.10123
  13.13000  -0.09535
  13.14000  -0.08778
  13.15000  -0.07238
  13.16000  -0.04522
  13.17000  -0.01090
  13.18000   0.02067
  13.19000   0.04613
  13.20000   0.06948
  13.21000   0.09665
  13.22000   0.12821
  13.23000   0.15690
  13.24000   0.17610
  13.25000   0.18242
  13.26000   0.17268
  13.27000   0.14958
  13.28000   0.11928
  13.29000   0.08902
  13.30000   0.06834
  13.31000   0.05961
  13.32000   0.05607
  13.33000   0.05145
  13.34000   0.04280
  13.35000   0.03392
  13.36000   0.03365
  13.37000   0.04138
  13.38000   0.05005
  13.39000   0.05726
  13.40000   0.06261
  13.41000   0.06442
  13.42000   0.06612
  13.43000   0.07064
  13.44000   0.07864
  13.45000   0.09617
  13.46000   0.12676
  13.47000   0.16025
  13.48000   0.18382
  13.49000   0.19537
  13.50000   0.20125
  13.51000   0.21007
  13.52000   0.22478
  13.53000   0.24007
  13.54000   0.24645
  13.55000   0.24038
  13.56000   0.21965
  13.57000   0.18286
  13.58000   0.13457
  13.59000   0.08253
  13.60000   0.03577
  13.61000   0.00145
  13.62000  -0.01968
  13.63000  -0.03000
  13.64000  -0.03268
  13.65000  -0.03657
  13.66000  -0.05034
  13.67000  -0.07187
  13.68000  -0.09537
  13.69000  -0.12033
  13.70000  -0.14832
  13.71000  -0.18069
  13.72000  -0.21644
  13.73000  -0.24803
  13.74000  -0.26906
  13.75000  -0.27976
  13.76000  -0.28309
  13.77000  -0.27996
  13.78000  -0.27223
  13.79000  -0.25788
  13.80000  -0.23101
  13.81000  -0.19017
  13.82000  -0.14105
  13.83000  -0.09544
  13.84000  -0.06346
  13.85000  -0.04384
  13.86000  -0.03088
  13.87000  -0.02404
  13.88000  -0.02194
  13.89000  -0.01911
  13.90000  -0.01795
  13.91000  -0.02722
  13.92000  -0.04788
  13.93000  -0.07297
  13.94000  -0.09250
  13.95000  -0.09975
  13.96000  -0.09525
  13.97000  -0.08290
  13.98000  -0.06570
  13.99000  -0.04741
  14.00000  -0.02633
  14.01000  -0.00015
  14.02000   0.02738
  14.03000   0.05351
  14.04000   0.07921
  14.05000   0.10332
  14.06000   0.12581
  14.07000   0.14864
  14.08000   0.16743
  14.09000   0.17805
  14.10000   0.18041
  14.11000   0.17599
  14.12000   0.16421
  14.13000   0.14625
  14.14000   0.12596
  14.15000   0.10905
  14.16000   0.09510
  14.17000   0.07720
  14.18000   0.05857
  14.19000   0.05064
  14.20000   0.05726
  14.21000   0.07320
  14.22000   0.09442
  14.23000   0.11553
  14.24000   0.13349
  14.25000   0.15028
  14.26000   0.16334
  14.27000   0.16795
  14.28000   0.16322
  14.29000   0.14570
  14.30000   0.11657
  14.31000   0.08267
  14.32000   0.05125
  14.33000   0.02823
  14.34000   0.01670
  14.35000   0.01451
  14.36000   0.01979
  14.37000   0.03123
  14.38000   0.04127
  14.39000   0.04209
  14.40000   0.03309
  14.41000   0.01813
  14.42000  -0.00075
  14.43000  -0.02106
  14.44000  -0.03786
  14.45000  -0.04360
  14.46000  -0.03700
  14.47000  -0.02206
  14.48000  -0.00436
  14.49000   0.01015
  14.50000   0.01886
  14.51000   0.02209
  14.52000   0.02366
  14.53000   0.02210
  14.54000   0.01056
  14.55000  -0.00856
  14.56000  -0.02581
  14.57000  -0.03746
  14.58000  -0.04626
  14.59000  -0.05806
  14.60000  -0.07608
  14.61000  -0.09651
  14.62000  -0.11262
  14.63000  -0.11988
  14.64000  -0.12006
  14.65000  -0.11692
  14.66000  -0.11283
  14.67000  -0.10684
  14.68000  -0.09997
  14.69000  -0.09701
  14.70000  -0.09641
  14.71000  -0.09527
  14.72000  -0.09678
  14.73000  -0.10101
  14.74000  -0.10350
  14.75000  -0.10025
  14.76000  -0.09178
  14.77000  -0.08328
  14.78000  -0.07413
  14.79000  -0.05958
  14.80000  -0.03804
  14.81000  -0.01328
  14.82000   0.01474
  14.83000   0.04431
  14.84000   0.06682
  14.85000   0.07619
  14.86000   0.07386
  14.87000   0.06080
  14.88000   0.03832
  14.89000   0.01128
  14.90000  -0.01250
  14.91000  -0.02846
  14.92000  -0.03819
  14.93000  -0.04460
  14.94000  -0.05115
  14.95000  -0.06060
  14.96000  -0.07024
  14.97000  -0.07510
  14.98000  -0.07401
  14.99000  -0.07063
  15.00000  -0.06934
  15.01000  -0.07423
  15.02000  -0.08617
  15.03000  -0.09920
  15.04000  -0.10421
  15.05000  -0.09388
  15.06000  -0.06674
  15.07000  -0.02878
  15.08000   0.00853
  15.09000   0.03831
  15.10000   0.06399
  15.11000   0.09001
  15.12000   0.11261
  15.13000   0.12317
  15.14000   0.11449
  15.15000   0.08554
  15.16000   0.04554
  15.17000   0.00963
  15.18000  -0.01409
  15.19000  -0.02899
  15.20000  -0.03919
  15.21000  -0.04786
  15.22000  -0.06052
  15.23000  -0.07781
  15.24000  -0.08988
  15.25000  -0.08510
  15.26000  -0.06939
  15.27000  -0.05588
  15.28000  -0.05067
  15.29000  -0.05266
  15.30000  -0.05408
  15.31000  -0.04769
  15.32000  -0.03497
  15.33000  -0.02678
  15.34000  -0.03118
  15.35000  -0.04733
  15.36000  -0.06787
  15.37000  -0.08199
  15.38000  -0.08451
  15.39000  -0.08066
  15.40000  -0.07551
  15.41000  -0.07329
  15.42000  -0.07379
  15.43000  -0.07181
  15.44000  -0.06511
  15.45000  -0.05726
  15.46000  -0.05326
  15.47000  -0.05818
  15.48000  -0.06760
  15.49000  -0.07145
  15.50000  -0.07119
  15.51000  -0.07538
  15.52000  -0.08279
  15.53000  -0.08905
  15.54000  -0.09730
  15.55000  -0.11037
  15.56000  -0.12527
  15.57000  -0.13914
  15.58000  -0.14639
  15.59000  -0.13712
  15.60000  -0.10162
  15.61000  -0.03904
  15.62000   0.03807
  15.63000   0.11330
  15.64000   0.17516
  15.65000   0.22033
  15.66000   0.24911
  15.67000   0.26662
  15.68000   0.27628
  15.69000   0.27460
  15.70000   0.26024
  15.71000   0.23699
  15.72000   0.21028
  15.73000   0.18514
  15.74000   0.16061
  15.75000   0.13097
  15.76000   0.09437
  15.77000   0.05530
  15.78000   0.02004
  15.79000  -0.01225
  15.80000  -0.03982
  15.81000  -0.05385
  15.82000  -0.04838
  15.83000  -0.02625
  15.84000   0.00261
  15.85000   0.02873
  15.86000   0.05188
  15.87000   0.07407
  15.88000   0.09060
  15.89000   0.09655
  15.90000   0.08954
  15.91000   0.07296
  15.92000   0.05585
  15.93000   0.04412
  15.94000   0.03676
  15.95000   0.03430
  15.96000   0.03897
  15.97000   0.05022
  15.98000   0.06518
  15.99000   0.07751
  16.00000   0.08724
  16.01000   0.10504
  16.02000   0.13883
  16.03000   0.18321
  16.04000   0.22628
  16.05000   0.25651
  16.06000   0.26833
  16.07000   0.25743
  16.08000   0.22402
  16.09000   0.17965
  16.10000   0.14009
  16.11000   0.11081
  16.12000   0.08748
  16.13000   0.06708
  16.14000   0.04919
  16.15000   0.03667
  16.16000   0.03375
  16.17000   0.04264
  16.18000   0.06193
  16.19000   0.08256
  16.20000   0.09271
  16.21000   0.08653
  16.22000   0.06319
  16.23000   0.03146
  16.24000   0.00843
  16.25000   0.00341
  16.26000   0.01257
  16.27000   0.02839
  16.28000   0.04282
  16.29000   0.04932
  16.30000   0.05282
  16.31000   0.05999
  16.32000   0.07240
  16.33000   0.08795
  16.34000   0.10036
  16.35000   0.10258
  16.36000   0.08705
  16.37000   0.05092
  16.38000   0.00326
  16.39000  -0.04457
  16.40000  -0.08523
  16.41000  -0.11825
  16.42000  -0.14532
  16.43000  -0.16390
  16.44000  -0.16897
  16.45000  -0.15520
  16.46000  -0.12502
  16.47000  -0.08900
  16.48000  -0.05684
  16.49000  -0.03634
  16.50000  -0.02808
  16.51000  -0.02553
  16.52000  -0.02347
  16.53000  -0.01819
  16.54000  -0.01186
  16.55000  -0.01015
  16.56000  -0.01883
  16.57000  -0.03705
  16.58000  -0.05429
  16.59000  -0.06415
  16.60000  -0.06724
  16.61000  -0.06765
  16.62000  -0.07097
  16.63000  -0.07838
  16.64000  -0.09001
  16.65000  -0.10492
  16.66000  -0.11865
  16.67000  -0.12430
  16.68000  -0.11675
  16.69000  -0.09293
  16.70000  -0.05736
  16.71000  -0.02282
  16.72000   0.00090
  16.73000   0.01232
  16.74000   0.01520
  16.75000   0.01278
  16.76000   0.00776
  16.77000  -0.00123
  16.78000  -0.01720
  16.79000  -0.04076
  16.80000  -0.07105
  16.81000  -0.10458
  16.82000  -0.13448
  16.83000  -0.15473
  16.84000  -0.15924
  16.85000  -0.14528
  16.86000  -0.11976
  16.87000  -0.09383
  16.88000  -0.07747
  16.89000  -0.07324
  16.90000  -0.07598
  16.91000  -0.08299
  16.92000  -0.09848
  16.93000  -0.12231
  16.94000  -0.14546
  16.95000  -0.15737
  16.96000  -0.15560
  16.97000  -0.14402
  16.98000  -0.12472
  16.99000  -0.09866
  17.00000  -0.06688
  17.01000  -0.03016
  17.02000   0.00638
  17.03000   0.03797
  17.04000   0.06262
  17.05000   0.07951
  17.06000   0.08672
  17.07000   0.08551
  17.08000   0.08155
  17.09000   0.08178
  17.10000   0.08872
  17.11000   0.09800
  17.12000   0.10210
  17.13000   0.09943
  17.14000   0.09431
  17.15000   0.09290
  17.16000   0.09680
  17.17000   0.10179
  17.18000   0.10268
  17.19000   0.09268
  17.20000   0.06879
  17.21000   0.03507
  17.22000   0.00164
  17.23000  -0.02116
  17.24000  -0.03040
  17.25000  -0.02986
  17.26000  -0.02605
  17.27000  -0.02279
  17.28000  -0.02283
  17.29000  -0.02389
  17.30000  -0.01987
  17.31000  -0.01116
  17.32000  -0.00409
  17.33000   0.00011
  17.34000   0.00319
  17.35000   0.00378
  17.36000  -0.00269
  17.37000  -0.01724
  17.38000  -0.03492
  17.39000  -0.04924
  17.40000  -0.05755
  17.41000  -0.06272
  17.42000  -0.06664
  17.43000  -0.07073
  17.44000  -0.07065
  17.45000  -0.06447
  17.46000  -0.05743
  17.47000  -0.05519
  17.48000  -0.05834
  17.49000  -0.06623
  17.50000  -0.07655
  17.51000  -0.08415
  17.52000  -0.08564
  17.53000  -0.07839
  17.54000  -0.06127
  17.55000  -0.03585
  17.56000  -0.00837
  17.57000   0.01458
  17.58000   0.03088
  17.59000   0.04302
  17.60000   0.05304
  17.61000   0.06078
  17.62000   0.06780
  17.63000   0.07572
  17.64000   0.08296
  17.65000   0.09251
  17.66000   0.10497
  17.67000   0.11732
  17.68000   0.12743
  17.69000   0.13323
  17.70000   0.13596
  17.71000   0.13905
  17.72000   0.14118
  17.73000   0.14361
  17.74000   0.14757
  17.75000   0.15044
  17.76000   0.14822
  17.77000   0.13988
  17.78000   0.12695
  17.79000   0.11107
  17.80000   0.09361
  17.81000   0.07543
  17.82000   0.05887
  17.83000   0.04792
  17.84000   0.04267
  17.85000   0.04371
  17.86000   0.05064
  17.87000   0.05506
  17.88000   0.04922
  17.89000   0.03317
  17.90000   0.01408
  17.91000  -0.00349
  17.92000  -0.02121
  17.93000  -0.03656
  17.94000  -0.04451
  17.95000  -0.04186
  17.96000  -0.03183
  17.97000  -0.01842
  17.98000  -0.00254
  17.99000   0.01429
  18.00000   0.03128
  18.01000   0.04868
  18.02000   0.06470
  18.03000   0.07512
  18.04000   0.07897
  18.05000   0.07845
  18.06000   0.07140
  18.07000   0.05697
  18.08000   0.04162
  18.09000   0.03069
  18.10000   0.02347
  18.11000   0.01505
  18.12000  -0.00034
  18.13000  -0.02117
  18.14000  -0.04256
  18.15000  -0.05981
  18.16000  -0.07181
  18.17000  -0.08074
  18.18000  -0.08657
  18.19000  -0.08730
  18.20000  -0.08058
  18.21000  -0.06382
  18.22000  -0.04002
  18.23000  -0.01439
  18.24000   0.00896
  18.25000   0.02330
  18.26000   0.02445
  18.27000   0.01292
  18.28000  -0.01160
  18.29000  -0.04539
  18.30000  -0.07925
  18.31000  -0.10925
  18.32000  -0.13115
  18.33000  -0.14090
  18.34000  -0.14398
  18.35000  -0.14458
  18.36000  -0.14382
  18.37000  -0.14367
  18.38000  -0.13737
  18.39000  -0.11821
  18.40000  -0.08862
  18.41000  -0.05648
  18.42000  -0.03173
  18.43000  -0.01510
  18.44000  -0.00117
  18.45000   0.01343
  18.46000   0.02542
  18.47000   0.03205
  18.48000   0.03384
  18.49000   0.03098
  18.50000   0.02489
  18.51000   0.01799
  18.52000   0.01515
  18.53000   0.01810
  18.54000   0.02025
  18.55000   0.01779
  18.56000   0.01222
  18.57000   0.00493
  18.58000  -0.00142
  18.59000  -0.00241
  18.60000   0.00536
  18.61000   0.01828
  18.62000   0.03210
  18.63000   0.04751
  18.64000   0.06408
  18.65000   0.07989
  18.66000   0.09426
  18.67000   0.10256
  18.68000   0.09755
  18.69000   0.07601
  18.70000   0.04257
  18.71000   0.00290
  18.72000  -0.03441
  18.73000  -0.06296
  18.74000  -0.08317
  18.75000  -0.09322
  18.76000  -0.09189
  18.77000  -0.08256
  18.78000  -0.06956
  18.79000  -0.05631
  18.80000  -0.04738
  18.81000  -0.04419
  18.82000  -0.04528
  18.83000  -0.04859
  18.84000  -0.04943
  18.85000  -0.04260
  18.86000  -0.03021
  18.87000  -0.01989
  18.88000  -0.01546
  18.89000  -0.01592
  18.90000  -0.01756
  18.91000  -0.01826
  18.92000  -0.01735
  18.93000  -0.01324
  18.94000  -0.00705
  18.95000  -0.00211
  18.96000   0.00384
  18.97000   0.01461
  18.98000   0.02526
  18.99000   0.03095
  19.00000   0.03299
  19.01000   0.03190
  19.02000   0.02624
  19.03000   0.01935
  19.04000   0.01670
  19.05000   0.02095
  19.06000   0.02881
  19.07000   0.03398
  19.08000   0.03255
  19.09000   0.02656
  19.10000   0.01949
  19.11000   0.01155
  19.12000   0.00137
  19.13000  -0.01407
  19.14000  -0.03218
  19.15000  -0.04374
  19.16000  -0.04511
  19.17000  -0.04133
  19.18000  -0.03639
  19.19000  -0.03034
  19.20000  -0.02124
  19.21000  -0.00804
  19.22000   0.00616
  19.23000   0.01628
  19.24000   0.02050
  19.25000   0.02342
  19.26000   0.02915
  19.27000   0.03696
  19.28000   0.04224
  19.29000   0.03928
  19.30000   0.02881
  19.31000   0.01380
  19.32000  -0.00601
  19.33000  -0.02886
  19.34000  -0.05306
  19.35000  -0.07532
  19.36000  -0.08963
  19.37000  -0.09343
  19.38000  -0.09110
  19.39000  -0.08682
  19.40000  -0.07616
  19.41000  -0.05666
  19.42000  -0.03000
  19.43000  -0.00035
  19.44000   0.02638
  19.45000   0.04935
  19.46000   0.06760
  19.47000   0.07901
  19.48000   0.08298
  19.49000   0.07875
  19.50000   0.06543
  19.51000   0.04597
  19.52000   0.02518
  19.53000   0.00657
  19.54000  -0.00896
  19.55000  -0.01952
  19.56000  -0.02429
  19.57000  -0.02317
  19.58000  -0.02036
  19.59000  -0.02147
  19.60000  -0.02421
  19.61000  -0.02162
  19.62000  -0.01097
  19.63000   0.00634
  19.64000   0.02524
  19.65000   0.03872
  19.66000   0.03949
  19.67000   0.02793
  19.68000   0.01163
  19.69000  -0.00198
  19.70000  -0.01045
  19.71000  -0.01748
  19.72000  -0.02732
  19.73000  -0.03861
  19.74000  -0.04844
  19.75000  -0.05400
  19.76000  -0.05551
  19.77000  -0.05580
  19.78000  -0.05573
  19.79000  -0.05462
  19.80000  -0.05120
  19.81000  -0.04331
  19.82000  -0.02881
  19.83000  -0.00955
  19.84000   0.00923
  19.85000   0.02430
  19.86000   0.03359
  19.87000   0.03828
  19.88000   0.04183
  19.89000   0.04665
  19.90000   0.05535
  19.91000   0.06571
  19.92000   0.07009
  19.93000   0.06485
  19.94000   0.05217
  19.95000   0.03514
  19.96000   0.02046
  19.97000   0.01432
  19.98000   0.01285
  19.99000   0.01167
  20.00000   0.01152
  20.01000   0.01143
  20.02000   0.00944
  20.03000   0.00531
  20.04000  -0.00357
  20.05000  -0.01405
  20.06000  -0.01959
  20.07000  -0.01979
  20.08000  -0.01699
  20.09000  -0.01331
  20.10000  -0.00964
  20.11000  -0.00423
  20.12000   0.00328
  20.13000   0.00872
  20.14000   0.01009
  20.15000   0.00693
  20.16000   0.00102
  20.17000  -0.00557
  20.18000  -0.01210
  20.19000  -0.01751
  20.20000  -0.01970
  20.21000  -0.01912
  20.22000  -0.01617
  20.23000  -0.00681
  20.24000   0.00700
  20.25000   0.01898
  20.26000   0.02626
  20.27000   0.03036
  20.28000   0.03097
  20.29000   0.02529
  20.30000   0.01144
  20.31000  -0.00744
  20.32000  -0.02384
  20.33000  -0.03286
  20.34000  -0.03483
  20.35000  -0.03461
  20.36000  -0.03595
  20.37000  -0.03913
  20.38000  -0.04451
  20.39000  -0.05142
  20.40000  -0.05709
  20.41000  -0.06047
  20.42000  -0.06202
  20.43000  -0.06315
  20.44000  -0.06212
  20.45000  -0.05353
  20.46000  -0.03798
  20.47000  -0.02182
  20.48000  -0.00738
  20.49000   0.00676
  20.50000   0.01724
  20.51000   0.02148
  20.52000   0.02102
  20.53000   0.01806
  20.54000   0.01437
  20.55000   0.00891
  20.56000   0.00222
  20.57000  -0.00143
  20.58000   0.00189
  20.59000   0.01418
  20.60000   0.03035
  20.61000   0.04544
  20.62000   0.05828
  20.63000   0.06752
  20.64000   0.07355
  20.65000   0.07769
  20.66000   0.07456
  20.67000   0.06235
  20.68000   0.04389
  20.69000   0.02292
  20.70000   0.00512
  20.71000  -0.00526
  20.72000  -0.01061
  20.73000  -0.01369
  20.74000  -0.01418
  20.75000  -0.01511
  20.76000  -0.01999
  20.77000  -0.02676
  20.78000  -0.03242
  20.79000  -0.03605
  20.80000  -0.03898
  20.81000  -0.04039
  20.82000  -0.03896
  20.83000  -0.03995
  20.84000  -0.04526
  20.85000  -0.04915
  20.86000  -0.04847
  20.87000  -0.04426
  20.88000  -0.03525
  20.89000  -0.02443
  20.90000  -0.01044
  20.91000   0.00802
  20.92000   0.02894
  20.93000   0.05027
  20.94000   0.06824
  20.95000   0.08199
  20.96000   0.09492
  20.97000   0.10770
  20.98000   0.11873
  20.99000   0.12677
  21.00000   0.12911
  21.01000   0.12418
  21.02000   0.11344
  21.03000   0.09877
  21.04000   0.08316
  21.05000   0.07039
  21.06000   0.06054
  21.07000   0.05165
  21.08000   0.04020
  21.09000   0.02822
  21.10000   0.02037
  21.11000   0.01740
  21.12000   0.01709
  21.13000   0.01975
  21.14000   0.02661
  21.15000   0.03665
  21.16000   0.05056
  21.17000   0.06604
  21.18000   0.07566
  21.19000   0.07566
  21.20000   0.06830
  21.21000   0.05695
  21.22000   0.04360
  21.23000   0.02787
  21.24000   0.00942
  21.25000  -0.01049
  21.26000  -0.03000
  21.27000  -0.04535
  21.28000  -0.05290
  21.29000  -0.05700
  21.30000  -0.05676
  21.31000  -0.04798
  21.32000  -0.03435
  21.33000  -0.01836
  21.34000  -0.00026
  21.35000   0.01612
  21.36000   0.02828
  21.37000   0.03803
  21.38000   0.04285
  21.39000   0.04190
  21.40000   0.03694
  21.41000   0.02901
  21.42000   0.01883
  21.43000   0.00705
  21.44000  -0.00801
  21.45000  -0.02311
  21.46000  -0.03406
  21.47000  -0.04372
  21.48000  -0.05151
  21.49000  -0.05507
  21.50000  -0.06033
  21.51000  -0.07112
  21.52000  -0.08138
  21.53000  -0.08872
  21.54000  -0.09228
  21.55000  -0.08939
  21.56000  -0.08127
  21.57000  -0.07110
  21.58000  -0.06051
  21.59000  -0.05098
  21.60000  -0.04158
  21.61000  -0.03295
  21.62000  -0.02896
  21.63000  -0.02830
  21.64000  -0.02893
  21.65000  -0.03365
  21.66000  -0.04342
  21.67000  -0.05258
  21.68000  -0.05940
  21.69000  -0.06657
  21.70000  -0.07520
  21.71000  -0.08433
  21.72000  -0.09290
  21.73000  -0.09778
  21.74000  -0.09804
  21.75000  -0.09083
  21.76000  -0.07657
  21.77000  -0.06270
  21.78000  -0.05195
  21.79000  -0.04150
  21.80000  -0.03216
  21.81000  -0.02479
  21.82000  -0.02032
  21.83000  -0.02058
  21.84000  -0.02624
  21.85000  -0.03454
  21.86000  -0.04487
  21.87000  -0.05703
  21.88000  -0.06643
  21.89000  -0.06979
  21.90000  -0.06618
  21.91000  -0.05800
  21.92000  -0.05044
  21.93000  -0.04629
  21.94000  -0.04436
  21.95000  -0.04325
  21.96000  -0.03961
  21.97000  -0.03032
  21.98000  -0.01766
  21.99000  -0.00598
  22.00000   0.00409
  22.01000   0.01236
  22.02000   0.01888
  22.03000   0.02466
  22.04000   0.03155
  22.05000   0.03919
  22.06000   0.04316
  22.07000   0.04347
  22.08000   0.04368
  22.09000   0.04367
  22.10000   0.04302
  22.11000   0.04379
  22.12000   0.04323
  22.13000   0.03861
  22.14000   0.03286
  22.15000   0.03219
  22.16000   0.03675
  22.17000   0.04121
  22.18000   0.04190
  22.19000   0.03827
  22.20000   0.03200
  22.21000   0.02301
  22.22000   0.01436
  22.23000   0.00872
  22.24000   0.00557
  22.25000   0.00809
  22.26000   0.01626
  22.27000   0.02425
  22.28000   0.02986
  22.29000   0.03424
  22.30000   0.03515
  22.31000   0.03178
  22.32000   0.02676
  22.33000   0.01885
  22.34000   0.00849
  22.35000   0.00002
  22.36000  -0.00419
  22.37000  -0.00700
  22.38000  -0.01088
  22.39000  -0.01698
  22.40000  -0.02095
  22.41000  -0.01888
  22.42000  -0.01446
  22.43000  -0.00947
  22.44000  -0.00151
  22.45000   0.01066
  22.46000   0.02610
  22.47000   0.04108
  22.48000   0.05093
  22.49000   0.05561
  22.50000   0.05687
  22.51000   0.05810
  22.52000   0.06096
  22.53000   0.06274
  22.54000   0.06149
  22.55000   0.05978
  22.56000   0.05771
  22.57000   0.05407
  22.58000   0.04903
  22.59000   0.04224
  22.60000   0.03383
  22.61000   0.02249
  22.62000   0.00876
  22.63000  -0.00331
  22.64000  -0.01237
  22.65000  -0.01944
  22.66000  -0.02340
  22.67000  -0.02367
  22.68000  -0.02236
  22.69000  -0.02153
  22.70000  -0.02123
  22.71000  -0.02003
  22.72000  -0.01665
  22.73000  -0.01215
  22.74000  -0.00777
  22.75000  -0.00070
  22.76000   0.00902
  22.77000   0.01775
  22.78000   0.02342
  22.79000   0.02419
  22.80000   0.02036
  22.81000   0.01564
  22.82000   0.01052
  22.83000   0.00440
  22.84000  -0.00074
  22.85000  -0.00292
  22.86000  -0.00221
  22.87000   0.00166
  22.88000   0.00637
  22.89000   0.00959
  22.90000   0.01062
  22.91000   0.01018
  22.92000   0.00961
  22.93000   0.00910
  22.94000   0.00753
  22.95000   0.00400
  22.96000  -0.00194
  22.97000  -0.00778
  22.98000  -0.01037
  22.99000  -0.01091
  23.00000  -0.01048
  23.01000  -0.00745
  23.02000  -0.00334
  23.03000  -0.00119
  23.04000  -0.00278
  23.05000  -0.00981
  23.06000  -0.02078
  23.07000  -0.03394
  23.08000  -0.04800
  23.09000  -0.05788
  23.10000  -0.06121
  23.11000  -0.05921
  23.12000  -0.05515
  23.13000  -0.05259
  23.14000  -0.05038
  23.15000  -0.04462
  23.16000  -0.03341
  23.17000  -0.01809
  23.18000  -0.00352
  23.19000   0.00740
  23.20000   0.01464
  23.21000   0.01558
  23.22000   0.01145
  23.23000   0.00685
  23.24000   0.00239
  23.25000  -0.00006
  23.26000   0.00102
  23.27000   0.00122
  23.28000   0.00079
  23.29000   0.00237
  23.30000   0.00726
  23.31000   0.01579
  23.32000   0.02771
  23.33000   0.03960
  23.34000   0.04891
  23.35000   0.05670
  23.36000   0.06223
  23.37000   0.06573
  23.38000   0.06647
  23.39000   0.06341
  23.40000   0.05553
  23.41000   0.04132
  23.42000   0.02224
  23.43000   0.00349
  23.44000  -0.01393
  23.45000  -0.02902
  23.46000  -0.03905
  23.47000  -0.04471
  23.48000  -0.04827
  23.49000  -0.04689
  23.50000  -0.04055
  23.51000  -0.03152
  23.52000  -0.01999
  23.53000  -0.00805
  23.54000   0.00220
  23.55000   0.01125
  23.56000   0.01675
  23.57000   0.01690
  23.58000   0.01378
  23.59000   0.00786
  23.60000   0.00060
  23.61000  -0.00618
  23.62000  -0.01362
  23.63000  -0.02185
  23.64000  -0.02558
  23.65000  -0.02145
  23.66000  -0.01466
  23.67000  -0.00772
  23.68000   0.00037
  23.69000   0.00793
  23.70000   0.01475
  23.71000   0.02150
  23.72000   0.02718
  23.73000   0.03153
  23.74000   0.03326
  23.75000   0.03306
  23.76000   0.03146
  23.77000   0.02813
  23.78000   0.02078
  23.79000   0.01070
  23.80000   0.00014
  23.81000  -0.01130
  23.82000  -0.02105
  23.83000  -0.02767
  23.84000  -0.03180
  23.85000  -0.03082
  23.86000  -0.02257
  23.87000  -0.00948
  23.88000   0.00276
  23.89000   0.01487
  23.90000   0.02742
  23.91000   0.03664
  23.92000   0.04279
  23.93000   0.04605
  23.94000   0.04533
  23.95000   0.04079
  23.96000   0.03167
  23.97000   0.01844
  23.98000   0.00472
  23.99000  -0.00591
  24.00000  -0.01003
  24.01000  -0.00792
  24.02000  -0.00353
  24.03000   0.00056
  24.04000   0.00585
  24.05000   0.01455
  24.06000   0.02335
  24.07000   0.02969
  24.08000   0.03006
  24.09000   0.02210
  24.10000   0.00882
  24.11000  -0.00539
  24.12000  -0.01840
  24.13000  -0.02823
  24.14000  -0.03601
  24.15000  -0.04318
  24.16000  -0.04974
  24.17000  -0.05509
  24.18000  -0.05782
  24.19000  -0.05712
  24.20000  -0.05316
  24.21000  -0.04885
  24.22000  -0.04240
  24.23000  -0.03144
  24.24000  -0.01813
  24.25000  -0.00433
  24.26000   0.00966
  24.27000   0.02245
  24.28000   0.03136
  24.29000   0.03373
  24.30000   0.03174
  24.31000   0.02769
  24.32000   0.02301
  24.33000   0.01751
  24.34000   0.01347
  24.35000   0.01356
  24.36000   0.01523
  24.37000   0.01712
  24.38000   0.01787
  24.39000   0.01572
  24.40000   0.01341
  24.41000   0.01187
  24.42000   0.00949
  24.43000   0.00605
  24.44000  -0.00012
  24.45000  -0.00806
  24.46000  -0.01544
  24.47000  -0.02253
  24.48000  -0.02933
  24.49000  -0.03335
  24.50000  -0.03602
  24.51000  -0.04050
  24.52000  -0.04396
  24.53000  -0.04470
  24.54000  -0.04545
  24.55000  -0.04253
  24.56000  -0.03245
  24.57000  -0.01998
  24.58000  -0.01170
  24.59000  -0.00739
  24.60000  -0.00481
  24.61000  -0.00537
  24.62000  -0.00739
  24.63000  -0.00881
  24.64000  -0.00849
  24.65000  -0.00682
  24.66000  -0.00502
  24.67000  -0.00381
  24.68000  -0.00219
  24.69000  -0.00166
  24.70000  -0.00151
  24.71000   0.00127
  24.72000   0.00397
  24.73000   0.00270
  24.74000  -0.00184
  24.75000  -0.00699
  24.76000  -0.01279
  24.77000  -0.02167
  24.78000  -0.03305
  24.79000  -0.04110
  24.80000  -0.04353
  24.81000  -0.04240
  24.82000  -0.03842
  24.83000  -0.03164
  24.84000  -0.02481
  24.85000  -0.01990
  24.86000  -0.01718
  24.87000  -0.01426
  24.88000  -0.00925
  24.89000  -0.00520
  24.90000  -0.00405
  24.91000  -0.00215
  24.92000   0.00327
  24.93000   0.00899
  24.94000   0.01502
  24.95000   0.02260
  24.96000   0.02903
  24.97000   0.03412
  24.98000   0.03777
  24.99000   0.03942
  25.00000   0.03821
  25.01000   0.03270
  25.02000   0.02336
  25.03000   0.01311
  25.04000   0.00427
  25.05000   0.00060
  25.06000   0.00486
  25.07000   0.01424
  25.08000   0.02661
  25.09000   0.03886
  25.10000   0.05077
  25.11000   0.06011
  25.12000   0.06474
  25.13000   0.06500
  25.14000   0.06352
  25.15000   0.06053
  25.16000   0.05502
  25.17000   0.04825
  25.18000   0.04151
  25.19000   0.03676
  25.20000   0.03593
  25.21000   0.03641
  25.22000   0.03362
  25.23000   0.02692
  25.24000   0.01822
  25.25000   0.01169
  25.26000   0.00871
  25.27000   0.00851
  25.28000   0.00906
  25.29000   0.00739
  25.30000   0.00506
  25.31000   0.00302
  25.32000  -0.00191
  25.33000  -0.00875
  25.34000  -0.01104
  25.35000  -0.00595
  25.36000   0.00181
  25.37000   0.00926
  25.38000   0.01402
  25.39000   0.01432
  25.40000   0.01252
  25.41000   0.00892
  25.42000   0.00312
  25.43000  -0.00308
  25.44000  -0.00725
  25.45000  -0.00881
  25.46000  -0.00868
  25.47000  -0.00787
  25.48000  -0.00855
  25.49000  -0.01278
  25.50000  -0.01632
  25.51000  -0.01492
  25.52000  -0.01295
  25.53000  -0.01441
  25.54000  -0.01744
  25.55000  -0.01970
  25.56000  -0.02262
  25.57000  -0.02507
  25.58000  -0.02545
  25.59000  -0.02337
  25.60000  -0.01786
  25.61000  -0.00988
  25.62000   0.00056
  25.63000   0.01276
  25.64000   0.02255
  25.65000   0.02779
  25.66000   0.02771
  25.67000   0.02123
  25.68000   0.00938
  25.69000  -0.00426
  25.70000  -0.01614
  25.71000  -0.02496
  25.72000  -0.02970
  25.73000  -0.03036
  25.74000  -0.03324
  25.75000  -0.03587
  25.76000  -0.03153
  25.77000  -0.02280
  25.78000  -0.01390
  25.79000  -0.00499
  25.80000   0.00410
  25.81000   0.01260
  25.82000   0.01719
  25.83000   0.01613
  25.84000   0.01006
  25.85000   0.00179
  25.86000  -0.00601
  25.87000  -0.01311
  25.88000  -0.01917
  25.89000  -0.02236
  25.90000  -0.02082
  25.91000  -0.01642
  25.92000  -0.01266
  25.93000  -0.01140
  25.94000  -0.01093
  25.95000  -0.00855
  25.96000  -0.00737
  25.97000  -0.00781
  25.98000  -0.00699
  25.99000  -0.00665
  26.00000  -0.00795
  26.01000  -0.00787
  26.02000  -0.00534
  26.03000  -0.00227
  26.04000   0.00185
  26.05000   0.00516
  26.06000   0.00401
  26.07000   0.00023
  26.08000  -0.00420
  26.09000  -0.00874
  26.10000  -0.00961
  26.11000  -0.00552
  26.12000   0.00033
  26.13000   0.00527
  26.14000   0.00762
  26.15000   0.00634
  26.16000   0.00155
  26.17000  -0.00648
  26.18000  -0.01452
  26.19000  -0.02007
  26.20000  -0.02507
  26.21000  -0.03089
  26.22000  -0.03587
  26.23000  -0.03849
  26.24000  -0.04025
  26.25000  -0.03826
  26.26000  -0.03186
  26.27000  -0.02599
  26.28000  -0.02347
  26.29000  -0.02228
  26.30000  -0.01771
  26.31000  -0.01173
  26.32000  -0.00825
  26.33000  -0.00853
  26.34000  -0.01056
  26.35000  -0.01224
  26.36000  -0.01608
  26.37000  -0.02176
  26.38000  -0.02475
  26.39000  -0.02717
  26.40000  -0.03049
  26.41000  -0.03422
  26.42000  -0.03813
  26.43000  -0.04046
  26.44000  -0.04013
  26.45000  -0.03690
  26.46000  -0.02924
  26.47000  -0.01873
  26.48000  -0.00829
  26.49000   0.00161
  26.50000   0.00961
  26.51000   0.01534
  26.52000   0.02043
  26.53000   0.02573
  26.54000   0.02703
  26.55000   0.02547
  26.56000   0.02530
  26.57000   0.02411
  26.58000   0.01724
  26.59000   0.00645
  26.60000  -0.00077
  26.61000  -0.00305
  26.62000  -0.00568
  26.63000  -0.00946
  26.64000  -0.00975
  26.65000  -0.00497
  26.66000   0.00259
  26.67000   0.01364
  26.68000   0.02582
  26.69000   0.03323
  26.70000   0.03673
  26.71000   0.03894
  26.72000   0.04043
  26.73000   0.04134
  26.74000   0.04213
  26.75000   0.04651
  26.76000   0.05332
  26.77000   0.05591
  26.78000   0.05379
  26.79000   0.05109
  26.80000   0.05044
  26.81000   0.05168
  26.82000   0.05490
  26.83000   0.05902
  26.84000   0.05957
  26.85000   0.05659
  26.86000   0.05340
  26.87000   0.04948
  26.88000   0.04346
  26.89000   0.03645
  26.90000   0.03120
  26.91000   0.03004
  26.92000   0.03127
  26.93000   0.03235
  26.94000   0.03347
  26.95000   0.03432
  26.96000   0.03186
  26.97000   0.02707
  26.98000   0.02312
  26.99000   0.02175
  27.00000   0.02463
  27.01000   0.03018
  27.02000   0.03446
  27.03000   0.03602
  27.04000   0.03567
  27.05000   0.03491
  27.06000   0.03507
  27.07000   0.03467
  27.08000   0.03230
  27.09000   0.02928
  27.10000   0.02547
  27.11000   0.01913
  27.12000   0.01258
  27.13000   0.00852
  27.14000   0.00471
  27.15000   0.00170
  27.16000   0.00080
  27.17000   0.00199
  27.18000   0.00335
  27.19000   0.00422
  27.20000   0.00607
  27.21000   0.00964
  27.22000   0.00922
  27.23000   0.00128
  27.24000  -0.00941
  27.25000  -0.01916
  27.26000  -0.02881
  27.27000  -0.03721
  27.28000  -0.04103
  27.29000  -0.04043
  27.30000  -0.03873
  27.31000  -0.03753
  27.32000  -0.03536
  27.33000  -0.03228
  27.34000  -0.02963
  27.35000  -0.02751
  27.36000  -0.02624
  27.37000  -0.02662
  27.38000  -0.02848
  27.39000  -0.03053
  27.40000  -0.03181
  27.41000  -0.03054
  27.42000  -0.02630
  27.43000  -0.02282
  27.44000  -0.02256
  27.45000  -0.02315
  27.46000  -0.02257
  27.47000  -0.02043
  27.48000  -0.01742
  27.49000  -0.01688
  27.50000  -0.01894
  27.51000  -0.02267
  27.52000  -0.02662
  27.53000  -0.02912
  27.54000  -0.02957
  27.55000  -0.02903
  27.56000  -0.03000
  27.57000  -0.03342
  27.58000  -0.03640
  27.59000  -0.03581
  27.60000  -0.03311
  27.61000  -0.03247
  27.62000  -0.03145
  27.63000  -0.02703
  27.64000  -0.02276
  27.65000  -0.02139
  27.66000  -0.02068
  27.67000  -0.01840
  27.68000  -0.01543
  27.69000  -0.01579
  27.70000  -0.01921
  27.71000  -0.02198
  27.72000  -0.02332
  27.73000  -0.02210
  27.74000  -0.01949
  27.75000  -0.01814
  27.76000  -0.01757
  27.77000  -0.01528
  27.78000  -0.01328
  27.79000  -0.01517
  27.80000  -0.02055
  27.81000  -0.02629
  27.82000  -0.02924
  27.83000  -0.02881
  27.84000  -0.02877
  27.85000  -0.03065
  27.86000  -0.03351
  27.87000  -0.03566
  27.88000  -0.03750
  27.89000  -0.03812
  27.90000  -0.03467
  27.91000  -0.02836
  27.92000  -0.02358
  27.93000  -0.02040
  27.94000  -0.01779
  27.95000  -0.01524
  27.96000  -0.01054
  27.97000  -0.00578
  27.98000  -0.00398
  27.99000  -0.00399
  28.00000  -0.00140
  28.01000   0.00464
  28.02000   0.01183
  28.03000   0.01702
  28.04000   0.01957
  28.05000   0.02108
  28.06000   0.02209
  28.07000   0.02195
  28.08000   0.01830
  28.09000   0.01102
  28.10000   0.00366
  28.11000  -0.00044
  28.12000  -0.00409
  28.13000  -0.00919
  28.14000  -0.01231
  28.15000  -0.01104
  28.16000  -0.00671
  28.17000  -0.00091
  28.18000   0.00730
  28.19000   0.01609
  28.20000   0.02262
  28.21000   0.02558
  28.22000   0.02619
  28.23000   0.02632
  28.24000   0.02625
  28.25000   0.02663
  28.26000   0.02746
  28.27000   0.02880
  28.28000   0.02926
  28.29000   0.02562
  28.30000   0.01937
  28.31000   0.01375
  28.32000   0.01030
  28.33000   0.00893
  28.34000   0.00815
  28.35000   0.00859
  28.36000   0.01051
  28.37000   0.01214
  28.38000   0.01414
  28.39000   0.01649
  28.40000   0.01750
  28.41000   0.01729
  28.42000   0.01804
  28.43000   0.02080
  28.44000   0.02527
  28.45000   0.03014
  28.46000   0.03292
  28.47000   0.03325
  28.48000   0.03383
  28.49000   0.03484
  28.50000   0.03527
  28.51000   0.03612
  28.52000   0.03706
  28.53000   0.03680
  28.54000   0.03671
  28.55000   0.03986
  28.56000   0.04335
  28.57000   0.04445
  28.58000   0.04369
  28.59000   0.04015
  28.60000   0.03429
  28.61000   0.02889
  28.62000   0.02439
  28.63000   0.02134
  28.64000   0.02099
  28.65000   0.02360
  28.66000   0.02712
  28.67000   0.02996
  28.68000   0.03097
  28.69000   0.03030
  28.70000   0.02632
  28.71000   0.01861
  28.72000   0.01090
  28.73000   0.00547
  28.74000   0.00267
  28.75000   0.00344
  28.76000   0.00540
  28.77000   0.00416
  28.78000   0.00049
  28.79000  -0.00336
  28.80000  -0.00544
  28.81000  -0.00555
  28.82000  -0.00474
  28.83000  -0.00424
  28.84000  -0.00738
  28.85000  -0.01422
  28.86000  -0.02156
  28.87000  -0.02731
  28.88000  -0.03092
  28.89000  -0.03193
  28.90000  -0.02993
  28.91000  -0.02511
  28.92000  -0.02044
  28.93000  -0.01865
  28.94000  -0.01955
  28.95000  -0.02089
  28.96000  -0.02281
  28.97000  -0.02519
  28.98000  -0.02676
  28.99000  -0.02738
  29.00000  -0.02697
  29.01000  -0.02554
  29.02000  -0.02465
  29.03000  -0.02384
  29.04000  -0.02173
  29.05000  -0.01828
  29.06000  -0.01483
  29.07000  -0.01189
  29.08000  -0.01016
  29.09000  -0.00970
  29.10000  -0.00996
  29.11000  -0.01278
  29.12000  -0.01740
  29.13000  -0.02037
  29.14000  -0.02168
  29.15000  -0.02229
  29.16000  -0.02221
  29.17000  -0.02163
  29.18000  -0.02171
  29.19000  -0.02481
  29.20000  -0.02909
  29.21000  -0.02948
  29.22000  -0.02592
  29.23000  -0.02082
  29.24000  -0.01749
  29.25000  -0.01627
  29.26000  -0.01270
  29.27000  -0.00406
  29.28000   0.00592
  29.29000   0.01060
  29.30000   0.01030
  29.31000   0.00713
  29.32000   0.00022
  29.33000  -0.00779
  29.34000  -0.01446
  29.35000  -0.01737
  29.36000  -0.01571
  29.37000  -0.01198
  29.38000  -0.00763
  29.39000  -0.00273
  29.40000   0.00312
  29.41000   0.00921
  29.42000   0.01385
  29.43000   0.01638
  29.44000   0.01871
  29.45000   0.02298
  29.46000   0.02771
  29.47000   0.02934
  29.48000   0.02858
  29.49000   0.02613
  29.50000   0.02275
  29.51000   0.01982
  29.52000   0.01780
  29.53000   0.01442
  29.54000   0.00808
  29.55000   0.00007
  29.56000  -0.00752
  29.57000  -0.01228
  29.58000  -0.01289
  29.59000  -0.01084
  29.60000  -0.00862
  29.61000  -0.00540
  29.62000  -0.00238
  29.63000  -0.00092
  29.64000  -0.00090
  29.65000  -0.00094
  29.66000  -0.00052
  29.67000   0.00011
  29.68000   0.00114
  29.69000   0.00239
  29.70000   0.00467
  29.71000   0.00571
  29.72000   0.00481
  29.73000   0.00207
  29.74000  -0.00343
  29.75000  -0.00801
  29.76000  -0.00897
  29.77000  -0.00886
  29.78000  -0.00940
  29.79000  -0.00999
  29.80000  -0.01040
  29.81000  -0.01021
  29.82000  -0.00779
  29.83000  -0.00416
  29.84000  -0.00348
  29.85000  -0.00658
  29.86000  -0.00983
  29.87000  -0.00863
  29.88000  -0.00722
  29.89000  -0.00797
  29.90000  -0.00971
  29.91000  -0.01306
  29.92000  -0.01641
  29.93000  -0.01737
  29.94000  -0.01648
  29.95000  -0.01510
  29.96000  -0.01341
  29.97000  -0.01316
  29.98000  -0.01521
  29.99000  -0.01860
  30.00000  -0.01820
  30.01000  -0.01444
  30.02000  -0.01216
  30.03000  -0.01233
  30.04000  -0.01287
  30.05000  -0.01254
  30.06000  -0.01188
  30.07000  -0.01147
  30.08000  -0.01127
  30.09000  -0.01128
  30.10000  -0.01244
  30.11000  -0.01463
  30.12000  -0.01535
  30.13000  -0.01249
  30.14000  -0.00904
  30.15000  -0.00727
  30.16000  -0.00485
  30.17000  -0.00258
  30.18000  -0.00296
  30.19000  -0.00486
  30.20000  -0.00346
  30.21000   0.00170
  30.22000   0.00517
  30.23000   0.00545
  30.24000   0.00559
  30.25000   0.00815
  30.26000   0.01300
  30.27000   0.01668
  30.28000   0.01811
  30.29000   0.01905
  30.30000   0.02091
  30.31000   0.02385
  30.32000   0.02783
  30.33000   0.03203
  30.34000   0.03525
  30.35000   0.03812
  30.36000   0.04165
  30.37000   0.04423
  30.38000   0.04430
  30.39000   0.04298
  30.40000   0.04265
  30.41000   0.04330
  30.42000   0.04163
  30.43000   0.03837
  30.44000   0.03589
  30.45000   0.03316
  30.46000   0.02972
  30.47000   0.02490
  30.48000   0.01961
  30.49000   0.01715
  30.50000   0.01908
  30.51000   0.02349
  30.52000   0.02845
  30.53000   0.03071
  30.54000   0.02996
  30.55000   0.02853
  30.56000   0.02414
  30.57000   0.01755
  30.58000   0.01343
  30.59000   0.01071
  30.60000   0.01031
  30.61000   0.01315
  30.62000   0.01500
  30.63000   0.01272
  30.64000   0.00803
  30.65000   0.00435
  30.66000   0.00272
  30.67000   0.00314
  30.68000   0.00462
  30.69000   0.00711
  30.70000   0.01056
  30.71000   0.01309
  30.72000   0.01336
  30.73000   0.01116
  30.74000   0.00688
  30.75000   0.00353
  30.76000   0.00094
  30.77000  -0.00362
  30.78000  -0.00963
  30.79000  -0.01457
  30.80000  -0.01602
  30.81000  -0.01463
  30.82000  -0.01171
  30.83000  -0.00689
  30.84000  -0.00150
  30.85000   0.00240
  30.86000   0.00402
  30.87000   0.00281
  30.88000   0.00032
  30.89000  -0.00127
  30.90000  -0.00147
  30.91000  -0.00466
  30.92000  -0.00981
  30.93000  -0.01296
  30.94000  -0.01609
  30.95000  -0.02016
  30.96000  -0.02323
  30.97000  -0.02546
  30.98000  -0.02762
  30.99000  -0.02869
  31.00000  -0.02840
  31.01000  -0.02809
  31.02000  -0.02813
  31.03000  -0.02797
  31.04000  -0.02673
  31.05000  -0.02289
  31.06000  -0.01873
  31.07000  -0.01733
  31.08000  -0.01695
  31.09000  -0.01550
  31.10000  -0.01440
  31.11000  -0.01592
  31.12000  -0.01910
  31.13000  -0.02315
  31.14000  -0.02683
  31.15000  -0.02717
  31.16000  -0.02601
  31.17000  -0.02422
  31.18000  -0.02220
  31.19000  -0.02101
  31.20000  -0.01980
  31.21000  -0.01688
  31.22000  -0.01343
  31.23000  -0.01222
  31.24000  -0.01176
  31.25000  -0.01112
  31.26000  -0.01075
  31.27000  -0.01155
  31.28000  -0.01515
  31.29000  -0.01872
  31.30000  -0.01925
  31.31000  -0.01791
  31.32000  -0.01694
  31.33000  -0.01682
  31.34000  -0.01643
  31.35000  -0.01456
  31.36000  -0.01084
  31.37000  -0.00612
  31.38000  -0.00350
  31.39000  -0.00293
  31.40000  -0.00407
  31.41000  -0.00599
  31.42000  -0.00754
  31.43000  -0.00913
  31.44000  -0.00853
  31.45000  -0.00524
  31.46000  -0.00172
  31.47000  -0.00047
  31.48000   0.00102
  31.49000   0.00466
  31.50000   0.00749
  31.51000   0.00785
  31.52000   0.00683
  31.53000   0.00388
  31.54000   0.00014
  31.55000  -0.00268
  31.56000  -0.00318
  31.57000  -0.00069
  31.58000  -0.00117
  31.59000  -0.00594
  31.60000  -0.00994
  31.61000  -0.01104
  31.62000  -0.01269
  31.63000  -0.01838
  31.64000  -0.02383
  31.65000  -0.02480
  31.66000  -0.02120
  31.67000  -0.01442
  31.68000  -0.00913
  31.69000  -0.00594
  31.70000  -0.00115
  31.71000   0.00291
  31.72000   0.00535
  31.73000   0.00582
  31.74000   0.00279
  31.75000  -0.00259
  31.76000  -0.00760
  31.77000  -0.00973
  31.78000  -0.00890
  31.79000  -0.00653
  31.80000  -0.00388
  31.81000  -0.00075
  31.82000   0.00369
  31.83000   0.00871
  31.84000   0.01172
  31.85000   0.01480
  31.86000   0.01779
  31.87000   0.01813
  31.88000   0.01622
  31.89000   0.01351
  31.90000   0.01227
  31.91000   0.01217
  31.92000   0.01149
  31.93000   0.01219
  31.94000   0.01348
  31.95000   0.01397
  31.96000   0.01445
  31.97000   0.01560
  31.98000   0.01656
  31.99000   0.01648
  32.00000   0.01790
  32.01000   0.02058
  32.02000   0.02300
  32.03000   0.02528
  32.04000   0.02660
  32.05000   0.02662
  32.06000   0.02696
  32.07000   0.02754
  32.08000   0.02821
  32.09000   0.02983
  32.10000   0.02994
  32.11000   0.02973
  32.12000   0.02959
  32.13000   0.02738
  32.14000   0.02187
  32.15000   0.01617
  32.16000   0.01258
  32.17000   0.01217
  32.18000   0.01521
  32.19000   0.01755
  32.20000   0.02038
  32.21000   0.02548
  32.22000   0.02934
  32.23000   0.03016
  32.24000   0.03086
  32.25000   0.03156
  32.26000   0.03053
  32.27000   0.02843
  32.28000   0.02582
  32.29000   0.02336
  32.30000   0.02341
  32.31000   0.02536
  32.32000   0.02646
  32.33000   0.02574
  32.34000   0.02270
  32.35000   0.01967
  32.36000   0.01784
  32.37000   0.01520
  32.38000   0.01224
  32.39000   0.00868
  32.40000   0.00530
  32.41000   0.00158
  32.42000  -0.00247
  32.43000  -0.00448
  32.44000  -0.00262
  32.45000  -0.00037
  32.46000  -0.00047
  32.47000  -0.00057
  32.48000  -0.00063
  32.49000  -0.00133
  32.50000  -0.00112
  32.51000  -0.00164
  32.52000  -0.00410
  32.53000  -0.00721
  32.54000  -0.01176
  32.55000  -0.01562
  32.56000  -0.01661
  32.57000  -0.01690
  32.58000  -0.01791
  32.59000  -0.01867
  32.60000  -0.01948
  32.61000  -0.01896
  32.62000  -0.01645
  32.63000  -0.01539
  32.64000  -0.01611
  32.65000  -0.01654
  32.66000  -0.01690
  32.67000  -0.01832
  32.68000  -0.02073
  32.69000  -0.02371
  32.70000  -0.02498
  32.71000  -0.02332
  32.72000  -0.01996
  32.73000  -0.01710
  32.74000  -0.01686
  32.75000  -0.01793
  32.76000  -0.01812
  32.77000  -0.01874
  32.78000  -0.01946
  32.79000  -0.01797
  32.80000  -0.01517
  32.81000  -0.01341
  32.82000  -0.01509
  32.83000  -0.01876
  32.84000  -0.02103
  32.85000  -0.02197
  32.86000  -0.02094
  32.87000  -0.01721
  32.88000  -0.01333
  32.89000  -0.01097
  32.90000  -0.01071
  32.91000  -0.01124
  32.92000  -0.01130
  32.93000  -0.00970
  32.94000  -0.00588
  32.95000  -0.00078
  32.96000   0.00170
  32.97000  -0.00195
  32.98000  -0.00844
  32.99000  -0.01545
  33.00000  -0.02042
  33.01000  -0.02123
  33.02000  -0.02084
  33.03000  -0.02396
  33.04000  -0.02845
  33.05000  -0.03291
  33.06000  -0.03733
  33.07000  -0.04020
  33.08000  -0.04274
  33.09000  -0.04592
  33.10000  -0.04828
  33.11000  -0.04710
  33.12000  -0.04223
  33.13000  -0.03414
  33.14000  -0.02451
  33.15000  -0.01377
  33.16000  -0.00381
  33.17000   0.00252
  33.18000   0.00356
  33.19000   0.00163
  33.20000   0.00169
  33.21000   0.00206
  33.22000   0.00004
  33.23000  -0.00049
  33.24000   0.00268
  33.25000   0.00523
  33.26000   0.00458
  33.27000   0.00318
  33.28000   0.00195
  33.29000   0.00046
  33.30000   0.00028
  33.31000   0.00210
  33.32000   0.00642
  33.33000   0.01138
  33.34000   0.01461
  33.35000   0.01728
  33.36000   0.01794
  33.37000   0.01761
  33.38000   0.01954
  33.39000   0.02264
  33.40000   0.02319
  33.41000   0.02188
  33.42000   0.02061
  33.43000   0.01770
  33.44000   0.01221
  33.45000   0.00672
  33.46000   0.00344
  33.47000   0.00203
  33.48000   0.00260
  33.49000   0.00295
  33.50000   0.00401
  33.51000   0.00652
  33.52000   0.00751
  33.53000   0.00731
  33.54000   0.00864
  33.55000   0.01024
  33.56000   0.01166
  33.57000   0.01491
  33.58000   0.01744
  33.59000   0.01774
  33.60000   0.01831
  33.61000   0.01909
  33.62000   0.01737
  33.63000   0.01463
  33.64000   0.01081
  33.65000   0.00681
  33.66000   0.00375
  33.67000   0.00192
  33.68000   0.00244
  33.69000   0.00613
  33.70000   0.01142
  33.71000   0.01712
  33.72000   0.02360
  33.73000   0.02846
  33.74000   0.03056
  33.75000   0.03165
  33.76000   0.03270
  33.77000   0.03325
  33.78000   0.03341
  33.79000   0.03116
  33.80000   0.02619
  33.81000   0.02270
  33.82000   0.01959
  33.83000   0.01468
  33.84000   0.01056
  33.85000   0.01063
  33.86000   0.01363
  33.87000   0.01723
  33.88000   0.01820
  33.89000   0.01627
  33.90000   0.01459
  33.91000   0.01315
  33.92000   0.01041
  33.93000   0.00732
  33.94000   0.00376
  33.95000   0.00011
  33.96000  -0.00023
  33.97000   0.00144
  33.98000  -0.00038
  33.99000  -0.00387
  34.00000  -0.00515
  34.01000  -0.00521
  34.02000  -0.00545
  34.03000  -0.00654
  34.04000  -0.00736
  34.05000  -0.00618
  34.06000  -0.00353
  34.07000   0.00018
  34.08000   0.00497
  34.09000   0.00815
  34.10000   0.00855
  34.11000   0.00854
  34.12000   0.00837
  34.13000   0.00714
  34.14000   0.00641
  34.15000   0.00677
  34.16000   0.00744
  34.17000   0.00647
  34.18000   0.00422
  34.19000   0.00194
  34.20000  -0.00003
  34.21000  -0.00226
  34.22000  -0.00421
  34.23000  -0.00290
  34.24000   0.00103
  34.25000   0.00502
  34.26000   0.01094
  34.27000   0.01829
  34.28000   0.02257
  34.29000   0.02371
  34.30000   0.02289
  34.31000   0.01874
  34.32000   0.01323
  34.33000   0.00766
  34.34000   0.00148
  34.35000  -0.00286
  34.36000  -0.00737
  34.37000  -0.01483
  34.38000  -0.02318
  34.39000  -0.02954
  34.40000  -0.03359
  34.41000  -0.03447
  34.42000  -0.03142
  34.43000  -0.02702
  34.44000  -0.02245
  34.45000  -0.01792
  34.46000  -0.01415
  34.47000  -0.01161
  34.48000  -0.00974
  34.49000  -0.01016
  34.50000  -0.01086
  34.51000  -0.01041
  34.52000  -0.01154
  34.53000  -0.01576
  34.54000  -0.02151
  34.55000  -0.02521
  34.56000  -0.02494
  34.57000  -0.02218
  34.58000  -0.02115
  34.59000  -0.02162
  34.60000  -0.02007
  34.61000  -0.01587
  34.62000  -0.01153
  34.63000  -0.00955
  34.64000  -0.01042
  34.65000  -0.01232
  34.66000  -0.01411
  34.67000  -0.01367
  34.68000  -0.01132
  34.69000  -0.01186
  34.70000  -0.01413
  34.71000  -0.01487
  34.72000  -0.01482
  34.73000  -0.01665
  34.74000  -0.01901
  34.75000  -0.01946
  34.76000  -0.01789
  34.77000  -0.01444
  34.78000  -0.01075
  34.79000  -0.00777
  34.80000  -0.00459
  34.81000  -0.00115
  34.82000   0.00242
  34.83000   0.00614
  34.84000   0.00665
  34.85000   0.00506
  34.86000   0.00625
  34.87000   0.00743
  34.88000   0.00508
  34.89000   0.00201
  34.90000   0.00004
  34.91000  -0.00086
  34.92000  -0.00137
  34.93000  -0.00316
  34.94000  -0.00584
  34.95000  -0.00853
  34.96000  -0.01109
  34.97000  -0.01219
  34.98000  -0.01220
  34.99000  -0.01241
  35.00000  -0.01243
  35.01000  -0.01224
  35.02000  -0.01107
  35.03000  -0.00825
  35.04000  -0.00684
  35.05000  -0.00610
  35.06000  -0.00327
  35.07000  -0.00193
  35.08000  -0.00318
  35.09000  -0.00352
  35.10000  -0.00238
  35.11000  -0.00078
  35.12000   0.00042
  35.13000   0.00101
  35.14000   0.00153
  35.15000   0.00422
  35.16000   0.00797
  35.17000   0.01050
  35.18000   0.01234
  35.19000   0.01417
  35.20000   0.01654
  35.21000   0.01731
  35.22000   0.01687
  35.23000   0.01809
  35.24000   0.01797
  35.25000   0.01566
  35.26000   0.01436
  35.27000   0.01389
  35.28000   0.01206
  35.29000   0.00985
  35.30000   0.00767
  35.31000   0.00566
  35.32000   0.00406
  35.33000   0.00191
  35.34000   0.00054
  35.35000   0.00000
  35.36000  -0.00033
  35.37000   0.00018
  35.38000   0.00144
  35.39000   0.00304
  35.40000   0.00601
  35.41000   0.00812
  35.42000   0.00777
  35.43000   0.00640
  35.44000   0.00283
  35.45000  -0.00068
  35.46000   0.00006
  35.47000   0.00199
  35.48000  -0.00009
  35.49000  -0.00215
  35.50000  -0.00106
  35.51000   0.00125
  35.52000   0.00363
  35.53000   0.00492
  35.54000   0.00653
  35.55000   0.00920
  35.56000   0.01106
  35.57000   0.00972
  35.58000   0.00665
  35.59000   0.00335
  35.60000   0.00161
  35.61000   0.00057
  35.62000  -0.00009
  35.63000   0.00097
  35.64000   0.00208
  35.65000   0.00280
  35.66000   0.00418
  35.67000   0.00585
  35.68000   0.00545
  35.69000   0.00436
  35.70000   0.00483
  35.71000   0.00482
  35.72000   0.00414
  35.73000   0.00385
  35.74000   0.00211
  35.75000  -0.00066
  35.76000  -0.00167
  35.77000  -0.00191
  35.78000  -0.00385
  35.79000  -0.00483
  35.80000  -0.00386
  35.81000  -0.00371
  35.82000  -0.00429
  35.83000  -0.00490
  35.84000  -0.00660
  35.85000  -0.00849
  35.86000  -0.01133
  35.87000  -0.01329
  35.88000  -0.01203
  35.89000  -0.00941
  35.90000  -0.00680
  35.91000  -0.00258
  35.92000   0.00389
  35.93000   0.00966
  35.94000   0.01438
  35.95000   0.01700
  35.96000   0.01544
  35.97000   0.01223
  35.98000   0.00957
  35.99000   0.00760
  36.00000   0.00743
  36.01000   0.01002
  36.02000   0.01134
  36.03000   0.00921
  36.04000   0.00655
  36.05000   0.00587
  36.06000   0.00578
  36.07000   0.00593
  36.08000   0.00744
  36.09000   0.00858
  36.10000   0.00982
  36.11000   0.01163
  36.12000   0.01268
  36.13000   0.01309
  36.14000   0.01010
  36.15000   0.00635
  36.16000   0.00425
  36.17000   0.00325
  36.18000   0.00396
  36.19000   0.00667
  36.20000   0.01003
  36.21000   0.01097
  36.22000   0.00890
  36.23000   0.00719
  36.24000   0.00748
  36.25000   0.00912
  36.26000   0.01097
  36.27000   0.00940
  36.28000   0.00340
  36.29000  -0.00264
  36.30000  -0.00611
  36.31000  -0.00952
  36.32000  -0.01495
  36.33000  -0.01966
  36.34000  -0.02023
  36.35000  -0.01769
  36.36000  -0.01511
  36.37000  -0.01344
  36.38000  -0.01143
  36.39000  -0.00862
  36.40000  -0.00611
  36.41000  -0.00485
  36.42000  -0.00502
  36.43000  -0.00643
  36.44000  -0.00938
  36.45000  -0.01150
  36.46000  -0.01225
  36.47000  -0.01168
  36.48000  -0.01069
  36.49000  -0.01041
  36.50000  -0.00993
  36.51000  -0.00939
  36.52000  -0.00949
  36.53000  -0.01088
  36.54000  -0.01466
  36.55000  -0.01775
  36.56000  -0.01667
  36.57000  -0.01388
  36.58000  -0.01030
  36.59000  -0.00768
  36.60000  -0.00666
  36.61000  -0.00573
  36.62000  -0.00404
  36.63000  -0.00340
  36.64000  -0.00297
  36.65000  -0.00255
  36.66000  -0.00533
  36.67000  -0.01035
  36.68000  -0.01375
  36.69000  -0.01565
  36.70000  -0.01747
  36.71000  -0.01952
  36.72000  -0.01902
  36.73000  -0.01637
  36.74000  -0.01477
  36.75000  -0.01422
  36.76000  -0.01169
  36.77000  -0.00755
  36.78000  -0.00489
  36.79000  -0.00359
  36.80000  -0.00244
  36.81000  -0.00218
  36.82000  -0.00322
  36.83000  -0.00429
  36.84000  -0.00490
  36.85000  -0.00492
  36.86000  -0.00410
  36.87000  -0.00176
  36.88000   0.00212
  36.89000   0.00252
  36.90000   0.00037
  36.91000   0.00099
  36.92000   0.00365
  36.93000   0.00483
  36.94000   0.00461
  36.95000   0.00469
  36.96000   0.00376
  36.97000   0.00192
  36.98000   0.00000
  36.99000  -0.00067
  37.00000   0.00119
  37.01000   0.00571
  37.02000   0.01148
  37.03000   0.01760
  37.04000   0.02027
  37.05000   0.01915
  37.06000   0.01840
  37.07000   0.02009
  37.08000   0.02076
  37.09000   0.02019
  37.10000   0.01930
  37.11000   0.01681
  37.12000   0.01328
  37.13000   0.01092
  37.14000   0.00946
  37.15000   0.00815
  37.16000   0.00729
  37.17000   0.00633
  37.18000   0.00598
  37.19000   0.00508
  37.20000   0.00441
  37.21000   0.00462
  37.22000   0.00497
  37.23000   0.00569
  37.24000   0.00586
  37.25000   0.00690
  37.26000   0.00969
  37.27000   0.01309
  37.28000   0.01401
  37.29000   0.01294
  37.30000   0.01278
  37.31000   0.01123
  37.32000   0.00720
  37.33000   0.00332
  37.34000   0.00250
  37.35000   0.00503
  37.36000   0.00724
  37.37000   0.00885
  37.38000   0.01019
  37.39000   0.00958
  37.40000   0.00832
  37.41000   0.00755
  37.42000   0.00770
  37.43000   0.00691
  37.44000   0.00447
  37.45000   0.00386
  37.46000   0.00749
  37.47000   0.01348
  37.48000   0.01548
  37.49000   0.01528
  37.50000   0.01607
  37.51000   0.01618
  37.52000   0.01448
  37.53000   0.01193
  37.54000   0.00949
  37.55000   0.00704
  37.56000   0.00384
  37.57000   0.00106
  37.58000  -0.00101
  37.59000  -0.00346
  37.60000  -0.00519
  37.61000  -0.00492
  37.62000  -0.00396
  37.63000  -0.00405
  37.64000  -0.00398
  37.65000  -0.00193
  37.66000   0.00061
  37.67000   0.00050
  37.68000  -0.00249
  37.69000  -0.00369
  37.70000  -0.00228
  37.71000  -0.00257
  37.72000  -0.00433
  37.73000  -0.00511
  37.74000  -0.00498
  37.75000  -0.00481
  37.76000  -0.00544
  37.77000  -0.00554
  37.78000  -0.00411
  37.79000  -0.00418
  37.80000  -0.00607
  37.81000  -0.00839
  37.82000  -0.01168
  37.83000  -0.01416
  37.84000  -0.01389
  37.85000  -0.01080
  37.86000  -0.00753
  37.87000  -0.00476
  37.88000  -0.00210
  37.89000   0.00162
  37.90000   0.00452
  37.91000   0.00346
  37.92000   0.00104
  37.93000  -0.00007
  37.94000  -0.00146
  37.95000  -0.00351
  37.96000  -0.00571
  37.97000  -0.00880
  37.98000  -0.01269
  37.99000  -0.01660
  38.00000  -0.01909
  38.01000  -0.01921
  38.02000  -0.01787
  38.03000  -0.01563
  38.04000  -0.01449
  38.05000  -0.01508
  38.06000  -0.01536
  38.07000  -0.01428
  38.08000  -0.01218
  38.09000  -0.00929
  38.10000  -0.00672
  38.11000  -0.00766
  38.12000  -0.01006
  38.13000  -0.01134
  38.14000  -0.01192
  38.15000  -0.01216
  38.16000  -0.01294
  38.17000  -0.01340
  38.18000  -0.01218
  38.19000  -0.01140
  38.20000  -0.01178
  38.21000  -0.01176
  38.22000  -0.01083
  38.23000  -0.00831
  38.24000  -0.00469
  38.25000  -0.00201
  38.26000  -0.00065
  38.27000   0.00065
  38.28000   0.00104
  38.29000   0.00038
  38.30000   0.00078
  38.31000   0.00257
  38.32000   0.00481
  38.33000   0.00563
  38.34000   0.00517
  38.35000   0.00556
  38.36000   0.00869
  38.37000   0.01167
  38.38000   0.01124
  38.39000   0.00938
  38.40000   0.00927
  38.41000   0.01032
  38.42000   0.01072
  38.43000   0.01006
  38.44000   0.00790
  38.45000   0.00612
  38.46000   0.00626
  38.47000   0.00709
  38.48000   0.00715
  38.49000   0.00694
  38.50000   0.00746
  38.51000   0.00753
  38.52000   0.00703
  38.53000   0.00596
  38.54000   0.00383
  38.55000   0.00159
  38.56000   0.00080
  38.57000   0.00097
  38.58000   0.00090
  38.59000   0.00045
  38.60000   0.00103
  38.61000   0.00325
  38.62000   0.00516
  38.63000   0.00552
  38.64000   0.00479
  38.65000   0.00392
  38.66000   0.00298
  38.67000   0.00248
  38.68000   0.00307
  38.69000   0.00296
  38.70000   0.00142
  38.71000   0.00020
  38.72000  -0.00029
  38.73000  -0.00064
  38.74000  -0.00081
  38.75000   0.00042
  38.76000   0.00305
  38.77000   0.00533
  38.78000   0.00530
  38.79000   0.00359
  38.80000   0.00270
  38.81000   0.00228
  38.82000   0.00079
  38.83000  -0.00074
  38.84000  -0.00156
  38.85000  -0.00200
  38.86000  -0.00205
  38.87000  -0.00213
  38.88000  -0.00244
  38.89000  -0.00214
  38.90000  -0.00126
  38.91000  -0.00089
  38.92000  -0.00071
  38.93000   0.00001
  38.94000   0.00041
  38.95000   0.00069
  38.96000   0.00029
  38.97000  -0.00108
  38.98000  -0.00201
  38.99000  -0.00268
  39.00000  -0.00325
  39.01000  -0.00328
  39.02000  -0.00352
  39.03000  -0.00457
  39.04000  -0.00519
  39.05000  -0.00541
  39.06000  -0.00707
  39.07000  -0.00826
  39.08000  -0.00730
  39.09000  -0.00662
  39.10000  -0.00689
  39.11000  -0.00642
  39.12000  -0.00501
  39.13000  -0.00456
  39.14000  -0.00580
  39.15000  -0.00693
  39.16000  -0.00675
  39.17000  -0.00594
  39.18000  -0.00546
  39.19000  -0.00531
  39.20000  -0.00465
  39.21000  -0.00383
  39.22000  -0.00300
  39.23000  -0.00190
  39.24000  -0.00166
  39.25000  -0.00178
  39.26000  -0.00169
  39.27000  -0.00145
  39.28000  -0.00094
  39.29000  -0.00055
  39.30000  -0.00052
  39.31000  -0.00064
  39.32000  -0.00053
  39.33000  -0.00035
  39.34000  -0.00018
  39.35000   0.00035
  39.36000   0.00125
  39.37000   0.00169
  39.38000   0.00110
  39.39000   0.00049
  39.40000   0.00044
  39.41000   0.00018
  39.42000  -0.00012
  39.43000   0.00038
  39.44000   0.00115
  39.45000   0.00188
  39.46000   0.00258
  39.47000   0.00320
  39.48000   0.00352
  39.49000   0.00327
  39.50000   0.00310
  39.51000   0.00347
  39.52000   0.00378
  39.53000   0.00363
  39.54000   0.00331
  39.55000   0.00315
  39.56000   0.00293
  39.57000   0.00281
  39.58000   0.00314
  39.59000   0.00344
  39.60000   0.00343
  39.61000   0.00345
  39.62000   0.00365
  39.63000   0.00396
  39.64000   0.00409
  39.65000   0.00409
  39.66000   0.00406
  39.67000   0.00399
  39.68000   0.00394
  39.69000   0.00401
  39.70000   0.00408
  39.71000   0.00394
  39.72000   0.00393
  39.73000   0.00403
  39.74000   0.00386
  39.75000   0.00362
  39.76000   0.00356
  39.77000   0.00357
  39.78000   0.00346
  39.79000   0.00304
  39.80000   0.00263
  39.81000   0.00250
  39.82000   0.00249
  39.83000   0.00249
  39.84000   0.00250
  39.85000   0.00258
  39.86000   0.00268
  39.87000   0.00249
  39.88000   0.00206
  39.89000   0.00170
  39.90000   0.00147
  39.91000   0.00117
  39.92000   0.00095
  39.93000   0.00101
  39.94000   0.00100
  39.95000   0.00077
  39.96000   0.00058
  39.97000   0.00050
  39.98000   0.00041
  39.99000   0.00028
